"63            2  41 6  55  2      1 "
"     4 2   636  4    5  2 3         "
"         4 3 5  2 2   1   1  2  3   "
"     2   1 3    5  1    4    5 26   "
"2 1     5      1 3  62       161  3 "
"   51     3   516  2     61   2     "
"2 1     4      4   1  2   3  45  31 "
"   2 3    6    5 6 653  1     2 3   "
"3 5     1   1   5    42 2  5 4    3 "
"  4   3 2   4    3 5 2      3    12 "
"   23     6 6      3   5  6 1   13  "
"   12     4 2      4  5 56   4  2  6"
" 2  6  3      235 1   2      2   1 5"
"1    63       2     6  1    6    25 "
"3 6   4      1 4    3  1   24     3 "
"    6    53  6  51 2    5 6     2   "
"13     4      6  1  14     54     2 "
"  5   1 6    1 3  6  4       1 4   3"
" 4 61 1       3     1 64   54     2 "
"    14    6   213 1 32  6      5    "
" 6  3     4    2  31   46 1     3   "
"    61     41  3   6 4  3 1     5   "
"2   46   5   4  6  3  2 6     4 5   "
" 2 3    6    5      1  6   54     2 "
"    1    23 6 2     4  6 3    4   63"
"5   1 4      15     6  1    2    53 "
"  4   3 2      2 1 1 5       46   2 "
" 5    21       3 5  3  61  6      12"
" 1    56    6  5    2 4     26     4"
"  4   3 2    1 5   2   3   1      52"
"     1   2 3  35  1  6   15   2     "
"1   2 45     1   624 1       2    64"
"5  6 1 4      4   6 1 3      6   2 4"
"    4   6  2  56      3  5    43    "
"     6  254  4  5  5 2  3     4 6   "
" 5    21      6  5  56 1 3  2  6  5 "
"     4   1 5 4   132  5 1       6   "
" 43 2   1        3 6       46    13 "
"   53 2  4     2 5 6    1 5   3 6   "
"6     14      4 1 5 6      12    54 "
" 4   1    25  4    2 3  53    46    "
"   5 6 3      2 5 5 1      2 3   1 5"
"3 4   1 2    2   1 1   5   36    5  "
"    451   2    2 4  15  4 2   6 5   "
"1  6  56 2    2  1  5 6    12    54 "
"  462  26   5      3   5   25    14 "
"   1 2   5 4  3 4 1      51  3 4    "
"25  3  4     1      3 6     16    23"
"6 2   53      1  4 5   2   54    21 "
"2   31    6 6  3       45 1   3 2   "
"    56   4 2  65    46 353    46    "
"  5    64  2 2  6 4    5   4 6   2 3"
"    31    64  23   1  4 2 3   1 6   "
"1 3       2 53   2   3 6 1    3 2   "
" 4    3 2      1 5  32      6 6    3"
" 1     5 3 6  4 2 2 5        1   54 "
" 3    4 2      5 665   4  3 4      2"
"    14   3  1    2 2  3   3 5   4   "
"     52 3     46    5  4   5 3    2 "
"   4 2    6 1 35    46 36 2    4    "
"  62   5        2 53  4    4      65"
"     42 3 5     3    21 1 2    3    "
"    6    2 1  3   5 2        26 15  "
"  1   56     5 41     2 3  2       6"
"   12  2  5 5 32     5 61 2   35    "
"6      12     5  24    5    21   54 "
"45     3    3 6  2  56 4    45   26 "
" 6   53 4    26     321     62   53 "
"   3 1    65 6  1   4    1 6 45     "
"   34  43 1 1  6 262   1 12   4 6   "
"2 4    13    6  5 5   3    1 2   3  "
"52     3  1   2   1 3      54     31"
"  4    564        36        46   2 3"
" 23   65    1    6  64     6 2    3 "
"24     61     43   2  6     42   5  "
"     3   4 1  136 6   4 26     54   "
"65         5   25 4  1   64       2 "
"     5 34   3     1   24   25  2    "
"  2      23 6 4  11   643 1       4 "
"32  5   6     5        1 3  6     23"
"   6 3  21  25       51 5 3   6   3 "
"  2  1   2 35        61 31      6   "
"  4 6    2   5       4 12 3   6  3  "
"    344    2   6   54   1 2     3 1 "
"26    1      4   5  1 64   54   5 2 "
" 5      4 6   5  41       3 4    31 "
"          52 341   1  6   2 1 1 6   "
"          4512 3   3  6 5 3   6   3 "
"35    4    5  41  1  3      24     3"
"63    4    3  653  546  5   4   1 5 "
"23    4    3 5    1  4       5    21"
"  2  44 5   1  2      6    5 6 2   1"
"  2 6     324  6  6  5 4 4  5  35   "
" 2   5   3     4 64 25   5  6 63    "
"   2      4   1  63  4  2    313    "
"32          5  4    4  3 6  3     26"
"   32  3  5   4  5  14  6    141    "
" 6 21   1   35    1  3   4   5   4 2"
"   5 3 5   2  2     4 5 2  6  1    4"
"2 1     4 2  1     5 3       41 3  2"
"  2   5    1   65  5 2  3   6 4 6   "
"13      41     2 446      1 4      3"
" 1   42       2 5   5  6 3       13 "
"2    6 1   5  1 5 6  1   2        23"
" 6  4    36    4  21      6    2 1  "
" 3   4   1 3 21       6  6    3     "
"3 6     4  6   5 4 53   6   5  4  2 "
"3 4     24   51        61   3    21 "
"  4  1   5 4    23 1    5 1    2    "
"    41  3  23  2  62      1  64 6   "
"12     5 2       15 3      65 4     "
"3 6     4  6   4  45      2 5    63 "
"4     6 5    5  3  4  6  3   4   2 3"
"         36    4  3    1 5   262    "
"  24  6 4      5 626 3  4 6 35 3    "
"     2 1 5     43  4  5 1 2     3 2 "
" 1  4 6     4     2  1     23  3  1 "
"   21  1  5 5    1  23 565        36"
"5     4   15 6 3      6 3 4     1 4 "
"    343    6 642   2  6 2 1   4    2"
"   4 5 5   25 3     2 6  24  1      "
"24        263 5 4   2      6 4  4  3"
" 4  1 21     2 5    1  4    266   4 "
"    54  5 2  6   2  16  6    14     "
"   6 1  1 4  2 1   4 3  6    22 3   "
"6   4   3  1 624    4  213     2  3 "
"1   3 3 4      1   5 6      14     5"
"    65 6 3      4   1   3    6 4   2"
" 25      4 55         162 3    6 2  "
" 5  4    1 51     3    4    2  4 3  "
"3 4    2 4    1 52  3    3  211     "
"4 5    1 4  5   23     4    1   3  5"
"24        1  6       43   56  1    5"
"2  5   5   65 4       1  6        23"
"4    1  3      62 5 6    4       13 "
"2   3  3 1       462         13 2   "
"  2      41     5452     6   31  6  "
"   62   3    5        42 6  5 2   3 "
"   21  6     13       512  5    6  4"
" 2   5  5  33         1   6      2 4"
"   4  5 2       1613  4   3      12 "
" 5 4  4   2   6       43   5 2  1   "
"     36 2      4 1 41   3   6  2    "
"12       5     6 3 43       5   2  1"
" 4   2  1 5    4 551 2      21 3    "
"    6   1  5 1 3 223    1 5      6  "
"     1 2  4    6 365         42 1   "
"2 4      1     45 64     3        21"
"13       4     2 5 26     1 4      3"
" 2        134 6      4 62      1  3 "
"12       5      64 43      1  5   2 "
"   2  6 4        3 356   4  5 2     "
"     31 4   62   4   5 2  13   4    "
" 1   63    5   62  235  1 5      4  "
"45        2    5   64 3   1      3 4"
"     4 2 6    3 5    1  26        4 "
"41        5  6 4    36  25         1"
"     4  51     2 632 4  45         1"
"6   2   31   6 3   2 4       14 6   "
"    65 3      541   4   4          6"
" 4       13  2   6  3 5 1   4   6   "
"46       1   34  6    5   6   1   4 "
"2 6       4  2   4  41 5     351    "
"    4 3  1   4 2 1 3         62 3   "
"63         4  3 1 5 64   5 6 13     "
"65         1    2 5 41  3    5 4    "
"     23 5   2  1   6 5    1 6 6     "
"42        3  1 5     2    2    5   1"
"    4  3 2   2  1  46     4      53 "
"  4      1 31      5  12  26  6   5 "
"     1  6 4  4 6   5    3 4       1 "
"   1  35      5  6     1    4 63    "
"  61  1   3 32 6       22 1       5 "
"25        6  3 2    4  3     14 5   "
"5    4 4  3  536     5  42        1 "
"     6  1  3  364  2        5 43    "
"    25  6    154   4 5  2   4      1"
"   16  4    2 65  4   3      35    6"
"    5   1  4 5  3 1     2 6        3"
"     365     4 6    2 3 2   1   5 2 "
" 3       21 2   4   6  23       16  "
"2      6 3       1  6 5  4       2 3"
"1    4     2 1   5  2 3 3 4      6  "
" 4   3   4    3 6 4 5 3  3        26"
"2 1       4  2      65 3 3 6  5    1"
"3 6     5  4   2 6  3   56  2     4 "
" 1       34      56 3     5  3   1 4"
"   6 5 4   3  6        11 4   2  4  "
"24     6  1  3       26  26  1 5 3  "
"   42  3  6     1 65      6  2  46  "
" 2   365       1   4    5   6     4 "
"  4   61  5     4 3 5     1 2     65"
"21     5  6    41  3    1  2 5  2   "
" 1  4 63       3 23      2  65 6    "
"   1 46    5   4 6  2   5 4   1    2"
" 6   2   3 4  5      6   2   5 34   "
"6    54 3   1 5      5 2      5  4 3"
"2   4  3 1   4       25 15    4    3"
"54    1      134     63  2  6    54 "
"  62 5    1  3       1 22 3   5  6  "
" 16    2 4       56       1 2    54 "
"  2 3 4    1   64  4    5 4   1    2"
"  65  1    3     4 61     31  6 5   "
"  2 3    16     21 5      6    3 25 "
"4   6     5  61       3 6 2     54  "
" 1  3 6    12 3        5  6 1    25 "
"24     6  1   4      3 6 5 26      1"
"  3 1    3 2   52  1    6 1     4  3"
"    21  6 5    21  42    2  4 3     "
" 4  5    13  53       23  6  51   6 "
" 3       5 3   46 56    6 3   4   2 "
"   31  1    24       6 44 1   6    5"
"2  34  1      1  54 2    4 6  12    "
"4 3     61  63     4 32    2      14"
" 4  6     2551       65  62 1       "
"  5  61 3    3 25  51      3      65"
" 2   5   1 3    52 45    1 2  3   1 "
"    15 1  4      2 45     46  1 2   "
"6 2    3        36 1   2  4 6    21 "
"  4   1  2  65       65   3 6     12"
"  1    6  5   3      46  5  4     12"
"    61  2 3 4        3 61 5    3  5 "
" 5   623       4 2 24   3        31 "
"  4 6    23 6 1     21  4    2 5    "
"   4   46 5    3 2  3  65    436    "
"2    31 4    1   46  2     16     4 "
" 6 4  51     2 1     2 5     3  1 4 "
"        362 2       5  35    436    "
"63    5    4  3   1    54  2    5 4 "
"   1 5 2   35      3  1   3  66   3 "
" 2  6    1   4   2   5 3  2  14 5   "
" 5  2 6 3   2   5  3 6   4  3     65"
"6      1  5   4  21 6      62   5 4 "
"  2 3    16   5  62   4  41        1"
"    65 3  4  1 4       34     56    "
"  54  3 2        6 531         26  5"
" 463      424  1    5  33 1     45  "
"      6   511  3   5 1  5 3   2   6 "
" 1   4   3 2 5    3  2  1    5 34   "
" 3    6   1 4 1     36     35  4  6 "
"    65     1  3 1 4  6   2  5 63    "
" 4  1 56      45    5 6  2   1   4  "
"     5 31   1  4  6  1   2   1    64"
" 5  6     314 5   1  6    6 4  1    "
"3     14      415  1 2   3  1     24"
"     1    23 2 1    3 5 1 5     24  "
"46     5   1    5  3 6      26  2  3"
"   3  3 6 5      6 1   31 3     52  "
"  5 3 6  1     6 1     51 2   3  5  "
"46     3 1    45 66         1  5 3  "
" 6  4    31 6   5  3   4 45 2       "
"65    4    1    5 2  1   6        32"
"  1  6   2 362    1   2  6 5    5   "
"42      1     6 25  4  1 6  5    21 "
"  4  36 2       1 24 3   6  34   5  "
"5  4      6  1 2   24  1   54   2 1 "
"   4 3 5   2     156  3  23         "
"    3     42  4    6 3   3  1 64    "
"   4 6 3   22    3    4   5    63   "
"  3 4  61   6    2 3  6    3 4  2  6"
" 1   2  51        6    5 4   6   2 3"
"  2 3    16 3   5  1     5       32 "
"    3  21    3    1  6    6 1    25 "
"3 4     52   4   5 3      614      6"
"    61  4 5  5 6   1       53 5 2   "
"62 5    1   1     5   4   6  5   1 4"
" 4  5    13 2       5  33   2   6  5"
" 2   6   4 56  25   5 4  6   4 53   "
"     4    5  4   53     6 2     51  "
"        314        4 5 25    436    "
"35    1    4  3 6 5  2     4 6    5 "
"   32  5  1      1  42   1  6 2     "
"    6   1 3 5  1   6    3 2     6  5"
" 6  3 21      62  3  5     4    2 61"
" 4 6  2  3      6   2  56  2  4 3   "
"  6       63 1 5    5  253     6 4  "
"  6     2 5 5  1  1    2 3  4     21"
"6    54 3    3 1  1  5      51 6  3 "
" 12 5 3        6    52   3  4     26"
" 4  1    25  5  3   6  55    11 3   "
"  6 1    6   5 3   3   2  2  14 5   "
"          26  65    52  45     3   1"
"  1  6   2 36   2 5   3      534    "
" 65       2 6    1 1   5  4 5    31 "
"6 4   5   1  652   4         6   35 "
"  461 1     3    5 1   6  2 6    53 "
"21     5  6      1  43  3         4 "
"  6 13   6       1 3 2 56  1  2 3   "
"   16  3  2 3    1  1  2    5 42    "
"65      1   2  6    41   2   1    64"
"6  2   32   3 5  1       2  5    13 "
"    25  6 1 24 1   6    1   5   4   "
"  3 6    51 5  6   3   1 2      6   "
"1   2   3 5  6  1       3 4   6  1  "
" 4  1 56      2  1   4  6   2      3"
" 1   35       4   3  5   3  4     26"
" 65     2 4  2 6       1  1 2     65"
"   3 1  2  515  3    1  2 1  4  52  "
"21     5  6    3    16 5 6  14      "
"6 4   5   1  4 2 5 6        5    4 1"
"  45     4 15      6   4  31  6 5   "
"    2   34   2   11    4  5 6    14 "
" 4   3   1 5   4    2 5  63    5   2"
" 4  5    13   4 6 2    335     1    "
"2 3 1  5      1  25  4   3  4     26"
" 62    4        2 5 3 4  5   1   4 2"
"36  2   5         12   6  2 6    53 "
"2        14    43 6 4    2  6 4 5   "
"    65 3 4  6  1    5 3 16        4 "
"   6  3 2   4    22 5 1  2 1      64"
"2 1      24     1   3    2    5    3"
"3 4      2 3 5       6 16 5       3 "
"13       4 1   3    16   46 2      6"
"   4 33 2       6  315       625    "
"   65 61  2    4   2      1     4 6 "
" 1 2  2   6   3  1  6      3 43 2  6"
"6  3 54 3   1    6 2        1    2  "
" 21    3      45  3  42     455 2 6 "
"3 6     53 4     2 6  3   3 1    24 "
"    5     1335     2 36 1 2   5  2 1"
"   56 64     26       213 2      2 5"
"   54 4 6    31       51   6 426    "
"43       1 3  26   6     5  6      1"
"  4       564      5 6     1 22 3   "
"2    33    5   5   5  2    43 4 6   "
"  6  4    5  5    4  5   32       26"
"  3  56      5  3 1  5   62       23"
"2 4   1      1 4    5  3 32 6    53 "
"3 1 4    23   2  4  43  26    1   6 "
"56    4   2   6  1     51 4 5    31 "
"  46      5 2      5 41  32 4     26"
"  6     3 4   1   4    15 4 1    35 "
"     2  2 3  6  2  3 6    635 1 3   "
"    4  5   3  621  2     6 35 43    "
"6 4      14 5        23 3      2  5 "
"    2151       63 62     61       4 "
"3 6      4 3 5 2    4  526        1 "
"1   6 6    2 3   64  1  5 4      2 4"
" 3   2  13    6  5 4  6 26       42 "
"5  6  4    3  1       46 25 6    53 "
"  6 4     5    6  4  5  3 1     43 5"
"21     5 62   2     1 5  6 3       4"
"65    4  1 5     11 6  4  4       2 "
"51  6     31 4    6  1    461  5  4 "
"    1  6   4 5   3 42      1 64 6   "
"   43 4 5   25        54 16      3 1"
"  65  5   3  5   1  3  623       1 3"
"31  4     12     6 4      65 45     "
"    51 6     14      1 24 1   6  5 4"
"6 3     13 4 3 6       1       64 2 "
"  3   4   6  4 23   5   32  4     21"
"21     5 61     2 6   3   51     2 5"
"   34  46 5 6    2 5    1       21  "
" 34     1 34   5 665        45 15 6 "
" 4      5 6 4    56 3    34 5    31 "
"6 3     146 1    2   6          421 "
"  543 3 2        3 2   1   6  5 1   "
"    3  41 2  1 3 2 231      644 6   "
"  423 2 3    3 5  4    21 6 5    1  "
"3 6      5  56  4 4   65 23  4   2 3"
"45     2  45   6  6 32  5   3     26"
"   1   65     6 1      5   3 4 42   "
" 31      23   5   4   62 5       3 4"
"3 6       64 2   6 635    2 4 5     "
"    15 25   3  4       3     1 5  2 "
"   41  6         4  61   1 53 23    "
"  465 2 5    5 3   4   5    34  1   "
" 16      3  6   1      3 24      25 "
"    6 3 4  5 5   4   6    5 411 3   "
"  2   3   4    3    4  12 1 3    16 "
"1   342 4    2    4  1      52     3"
"  5 6  3   24  2     1   13 4     21"
"   6 3 43   1    5  4 2      1 2    "
"2      3  1   564  6 5  45        53"
"  15  4  2   1     2   31 5      16 "
" 4  1   1     3        6 64  1   2 4"
"  46  1      4         12 3 6    53 "
"3   2     6  6 3     2  13     4  32"
"    614 6 5  4 1       65 4     3   "
"     1    236   3   1 6536      4   "
" 34   1      6 4    26   4       3 1"
"    61   3  5      1  262 5    6    "
"    24   3   2  4  4 6  2    3 1    "
"4        1 6  1 3 5 3      4      13"
" 23   6        4 2 4   1  6 3    2  "
" 35   1       234     2  5   23    1"
"64      2 1  25    6   5   52     46"
"   6 3   54   3  52 4  654    3 6   "
" 3   225      16    3 5    26     35"
" 6   5    4   16     2  23    5 6   "
" 24   1 3     25  4   3     13    2 "
"     4  352 6  34     5 56     34   "
" 63   4 1    5 2 32  5      6   2  1"
"   41     23 4 2  23 1  3   4 15    "
"   14     6   5  4 1 6 55 3   24    "
"         6 512    3  41 53      6 3 "
"  21      234 5  1    651      3    "
"1  3    61  3      2  3     42  4   "
"    6 4    1 2 3     6   32     5  2"
"6 5   1    6   1 2 146   2   1   4  "
"         3 61 2   6  24 53      6 5 "
"     2   46   43 12 3   1    6 46   "
"   42      34  63 6 5     3  224    "
"  62      613   5  1      35   2   6"
"  1       54    2523   6 4 2  6     "
"    14 2     1   5    6 35        4 "
" 42       1  6 2     3    3  6  45  "
"2    5 4  1    5    1 6  6       32 "
"  4  3 62      13  4      1      2 6"
"     2   5  6  1   5 3  5    132    "
" 5   6 3 15    63 2  5   1   5 26   "
"  1  2    543 6 1        24   1     "
"  1  6    232      3  6 56 2 1      "
" 3  4    5 251         342        1 "
"4 6      2      5 2 3     56      41"
"3 2      2 6    4 1 5    3   4   12 "
"3      5 3 6    3   2 5  15   2  4  "
" 36   2    1 1 2   621  4         34"
" 1  6 6       6 42 24    4 6      31"
"3  26  64   1       6  5 3 6     1  "
"2   6   1    12        63 5 2     35"
"6 3    5  645       4  1 1  4    6 3"
"     53    1  45    5 2 21      3   "
"   5      14 2 3   45  15 4    1    "
"    5    1 331     6  4 1    5 2    "
"    2 63      5 6  4   5    3    6 2"
"  2 1    3 23   6   42  15      6  1"
"6  1   21   4    6 3   4   43   3  2"
"6   1    2   1     2  36  5 2    3 5"
"  1   3  1 4   64  4 5   2  6 1 6   "
"   1 6      1    5  5  2 32   6  3  "
" 6    5 1   2   641   2   5 1    5 6"
" 3   55 6    6 25 24       6 3    4 "
"   23 3 5    46     2 64   5 3 5  2 "
"1 3    2    6  52 3 2 6   1 3    2 1"
"   6 3 31   32       53 4 3    6   1"
"     2   13 2 56  1    3 12   6   5 "
" 5      2 1 3    55  4   13  2   14 "
"   54 65   1     2 164  1 3    6  14"
" 25   3      13 5    61          325"
" 3 2 1     6   63   41  421         "
"42      16    4 5 6 2            143"
"  5  121     46 5   216    425      "
"         451  1 25  2  315      4   "
"   5 42    3 1   6  24        641   "
"   234    6    6  21    52  1  41   "
"634     5    4 6 256        26   1 3"
"   14   6   1   3    52 635   2     "
"634    2       6 52  4   5  6 4   5 "
"   5    2  1  1 3     2 635   2     "
"432     5    2 3     1 4  12      4 "
"26     5         2  46     425    1 "
"2   3    5       5  6  25     342   "
"  5   16  4 5      4 6     421     5"
"   345     25      3  2  2 4  6 5   "
"    3    621  23      1 1     523   "
"    6    1536   4  5   6 64 3  3    "
"   564     3 6 4   3  5 3 6   4 1  6"
" 61    35 1  4 3     2      4    132"
"    2 1  65  5  3    1  512   6     "
"    6    2311  3   5 6   25   31    "
"   1 61  3 4 2 61 3   4   3   612   "
"12   336    2 6 4   3 2    432     6"
"  1   6 5   13   5 5   6   514    6 "
"     1   64  2   4 6 2 3  2   641   "
"  2   561        14  3      13   5 4"
"463   5      4   6  51 41   6     12"
"   146    5  345    6  44   3 3 2   "
"    4 5   23  23       6235   6 1   "
"  2    152   6    2    5   421   5 6"
"364      6  1 2        3   14  2   6"
"5  1 3     5      31      2      426"
"  5 6    435    2 5 1   3       6 5 "
"   4 64   2  2       16 635   2   3 "
" 65   2    53  56  4 3    3 5    143"
"   256  5     46   2 1  5    1412   "
"165   4    52  1   1 4      62     1"
"  4      4531 6       41   1  56    "
" 63      1 3   62 5  3       2342   "
"   5 2  4      4 11     213     5 2 "
" 6    5 4        534      6 2    516"
"   461  1 2    6 26 3   146    3   6"
"   6252   4 32     6 4 2  3 6 612   "
"   26      5  14  6   5   6 4 435   "
" 2  6    2311  6 225     1 3    5   "
" 3 52    341     2  1 3 52  1 4     "
"  6 3    5 126        56143      1  "
"3  6      5   5  6 36 4 421      1  "
"3   4    12      1 54  2462      2  "
"    5    3 4   6 5 2     3  1 416   "
"1        126  5       13632   5  6  "
"2   35   2   5   3   6    2  1541   "
"  1 4    3126 3   2    1  64   321  "
"  2 3    6215  2   3    61      4 6 "
"    6   1  2   2 32  5  6 5  4412   "
"6         52   42   15      45345   "
"     6 6   3  3 2  2  3 5       4 1 "
" 6    2   5    4 3  1   5     4  6  "
"6     3    2   12 4 1    4   5    6 "
"  2     16      565 4        2 4   3"
" 4  3     2 53         12      5 6  "
"4  1      6 25       5 3  2  4  1   "
"    3  1  2  3 6  52      31  6     "
"   6   1   426  3 3   4   2     6 1 "
"  5 3   1   4  3       1  4 2 3    5"
"  16   2      6  44  5   5  4     1 "
"  2  3    5    13   65   5  2  4    "
"  6 1    4   2   5 5   61     2  3  "
"     52   6   35 6  5    6  2  4    "
"1      6  5 42     5 32 5   6    1  "
"  43  2     5 1     31 6 4   2    3 "
"  41      5      6 43     13  5     "
"    2  1   3 452     4 63       2   "
" 1  6    3  3    4 2  53  6 3    1  "
" 2    6  3    4  2  6 5    2   4   3"
"  3   6    41  4   5  2   5 1      6"
"  4   1  5   3   54    1   1    3 6 "
"   5   6  2   6 51  3  43      1   2"
"   6    2  1 3    2   534      1 5  "
"3      5   6  46   2 5  2   3      1"
"   1    5  44  2 32 3  15   4  6    "
"  4  31      2 4    5  1 4 5      3 "
"   6   3   43     24  5   2  6   5  "
"  2   1  6    4  66   54    4  2   3"
" 6   5  5 2       4  1   2   4 1   2"
" 6 4      3 3  5    5 2 4    32    4"
"  31  1    441     3   2 6  3 3    5"
" 4   63    2    4 56       3    2  1"
"    3   56       3 56   5    41  2  "
"2    6 4   5 6 3  31      3 4     6 "
"2  4  1   5      2    6   3    4 1  "
"6  1  5   3  1   3  36  1   4   2 6 "
"  4 2   31   3    4    56    2  2 4 "
" 3   1  6  541  3    5  3  1      6 "
"     4 1  2 36     2  4 2   1   15  "
" 2 1  1    5  52 3 43       5   13  "
"4  2         1  5   5  2  3  42  3  "
"  4 2 3  1    6    4  5 6    5 5 2  "
"1   6      2 5      23  3   2 2    4"
"  3 1  1  2  2   65    1 5  6   23  "
" 2  1   62  6     5    3  4 5  5  6 "
"1    5    3  4 2 12       4 1   5  4"
" 4  3   2 1  5    4    5     3  1 2 "
" 1  6   4 2 5   4      3  21   6  3 "
"    1  2  5   62    3    6   5 3  4 "
"3   2   6  1  32   4    1   6   2  4"
"  1 2 6    5 4  1  1 6    5  34     "
" 1        5   6 341 4   4  2    2   "
" 3 2      3 1    4  5 2 6  5   1    "
" 6   51       124 6 4   5    2    1 "
"  45  1     25 4   6   3    6  4   5"
"    4  5   2 1 3   2 46   52  6     "
" 4 1      2  1  6536         1  42  "
"3  6    4     1  35  2       4 2 1  "
"  3   2    6 1   4  23  4    2    6 "
"     5  1 3 6  5   2 6    4  15     "
"     1  23  5     1   65  12   4    "
" 3    5    6  24   6 2    4       1 "
"4    3  1    6 2 5  5  41   3  4    "
"    1  2   53     1 53   5   6    2 "
" 5      4   53   66   5     4   31  "
"     1  23  2     56  2   4 3      6"
"3  1   4   3 2      63  6    4    5 "
"    1  2   634       4 51  6    2  3"
" 6 3  1   2   62    1 6  3      2 5 "
"2  3    1  4 4 6 33    54  1   1    "
"        54 1    421   3   2  45    3"
"    3 1   4  14    6 45 43   2      "
"6 3        1   26  4            5 16"
"    21 5    63       6 45 12        "
"       1 5 44      5  1 6 3      3 2"
"5   2    4   1   2  6          2 16 "
"3  1   4   3  1 2 4  5          5 16"
"  4 6  3   1  14   6 3        2 6  4"
"    3   4  6 3 2   426        6 1  4"
"61   4           3  56   3  6  5  4 "
"61 4         43  6     3    5 5 6   "
" 5  36        641 5 1   4      3 64 "
"      3 1  442 3   1 4      61      "
"     4 1  5   5 31 23 4 5 41        "
"      43   2  25     6 3 1    2   5 "
"      4 32   6    12   5  64      3 "
"  31 2      5   34 4   5    6  14   "
"4    2  6 3  1 6    4   2 5  3      "
"       1 34 2    4  5  2   41 46    "
"  1 62       5 42 4       2  4     1"
"        625      4 12 3 5 3      3  "
"51   3        4 5  3 4  6         21"
"     654    42  6     2   53 2      "
"46   33        5 1 4    5   3    1  "
"1 4 2   2       4 3        6 4 6 5  "
"     2  23 11 5      6  6  1   2    "
"6  1   4     23        3    5   532 "
"  62 1       51      1 32     1 3  2"
" 1 63     1 5    1   5 2 31     4   "
"6  4  3 4    2   3  3  5    5   532 "
" 5  36    5  6 5   43         6 41  "
"     5  54 1  421 3      2  6 4     "
"4  2   5   43 4     53      1   1 53"
"    1  1  53 5  6  6 1  1  54 4     "
" 25 1    3    3 6 6  2       1  15 2"
" 32  1    4321 4     3    4   5 1  4"
" 53    6 3  24 5  5   2  2  13     2"
"     4    32 2  4 41  5 5 41    1   "
"  4 61    4 1  4 2   6   1     32  4"
"2 61    1        3 3   26       364 "
"    4     13 132          4   2 6  4"
"61            1 452 5  6    2  2 16 "
"1 5  22      4 5 1 5        1     46"
"2     43   2  24   5        211   6 "
"  5   4 25  35   2 2       46    3  "
"    6  1   2 536   6 2  6 5 3 3     "
"    1  1 23 3    62        5   34   "
" 5 3 6     524    6   4   3    2 5  "
" 3    46  3  5 1    3  4    51  6 4 "
"   2    4   1 6   2   3  5  41    5 "
"  615     6  4 6    5  2 32   6  3  "
"    5  5 31   61    3  44  6 5 3    "
"1  2      5  3   5     16 23  3     "
"    1   162 3    26    3       52   "
"6 4  3  3          2 5    5 644  3  "
"  6  22    6 1 2      1 6 5 3 3     "
" 3 25     3   6     1  44  3  6     "
"  3   4    1    2 35        4  1  32"
" 24     5      2  1       34 2     6"
"5     43   2 5       6 3 1  4   31  "
" 2    53   6   4 52     1   3   51  "
"     23   51    6 4 6   2 5  41     "
"2 41    6        6 13      65 36 4  "
" 4  31    2 2 4      45      5 31   "
" 1 64     2      6  5    2     6 15 "
"    4   231 2 3      1 3      4 16  "
"5   6     2  1       5 21 34  6     "
"6  15   1    52       12    6   532 "
"  5  4   35 54       1    6   2 4  3"
" 4 23     6    1 35       5  643    "
"  3 2  6  1    5 131      2   6 1  4"
"4  2 66 3    64      6 5    1  3  62"
"  5   2 43      1  5    4   3   64  "
"    5  1 34   2       1543 1  2     "
"  2  1 1 6  64       43 1 6 2 4     "
"    5  4   3   1 6 12   2 5  41     "
" 2    53   6  62 44 2    6  1    3  "
" 16  2   64    2 425        2   5 16"
"  1 46    5    3   4      3  24 2   "
"1       64      5  31        6 4 3 2"
"1 6 4 5         6    2   5   1  3  4"
"1 45  2      1 4       5   15 6  3  "
"4 1 2   3      53 32  1    2 5   1  "
"   51     6  3   1  2   5     1 3  2"
" 4      153   4  1   4 241   3 6    "
" 4    61  5 4 6 1    26 5    2     1"
"1 6 4 5      2  1 3   2    4     3 1"
" 6    13  2    13  5  6    5  52    "
" 2    53   6   4    6  2 4  3    5 4"
"  2  5  4   6      3 2      3  5  46"
"   35    6   4     3   65     3 2  4"
"5     4 32       4 4 1  1 2 5     2 "
" 6    13  2    3 5 1 2      3 2  6 1"
"     4 5  232     5   1  3      2 4 "
"    5  1 34   52    1  44      2    "
"  15   4    3   2  6      34 2     6"
"43   51       52    15      46     2"
"   26 2          565   13 21    5   "
"4 1 2   3      3     21 13   4  5   "
"    531      6 2    36    2   6 1  4"
" 6 5 4     3 14     54        34   1"
"1     6 3  2 6   4  13  4  63     2 "
"41  2  6    3  4    1       12     3"
"  3   2 4 6  4   1        142     5 "
"3 2 5   6   4    56  3      3  5  46"
" 6 52   3   3   456       53 2     4"
"    5     41 6    32 6    2   6 1  4"
"    4  6  1 3      2 6 1  2   6 1  4"
"     3 1 5 4 2 3  53  1 4       3 41"
"    5  1 34  5 4   23  1  1  56     "
"2       1  51       6       2   541 "
"  41   2   3    6 6   1 4 12    3   "
"     2 3 4       54  3  2 3 1   5   "
"1     6 3  24    1 2 6   34 1    3  "
"2     3 1  4 4 3     1    6       53"
" 5    46  2    5    26   3  1     56"
"46   35        13   34   1   5  4 2 "
"15    2  6          5 3      2 1 3 5"
"2   3   1 5  4 2  1       4   6 2  3"
"    1  2 54   5     4  164 2     1  "
"    24 6  5   64    52   5    12  6 "
"  2        6 4 2      1 3     2 1 6 "
"     6 1 3 4  3    64 3 23 1        "
" 5     43 1 4  3  1   5     4  1  32"
" 5  36    4  146    5  4      6  5 3"
"  2  34 1   2      4 5      6   532 "
"1 45  2       2  3 6       2     63 "
" 1     23   2  3    6       6   145 "
"34 1   6         4  1  25  3     42 "
"    3   162 5    62  5    6    524  "
"     5  62      1  2 6  5     4 2  1"
" 6    5   2   5 3 3          6 4 3 2"
" 6    15   2   2    53  63  5       "
"     2   56   3    6 2    6   3 5 1 "
"  5   2 43  4      5   1    1    43 "
"  3  64   5  2 1     5  6 5 3 2     "
" 4  12     3  53    2  563    2     "
"  1   4 53   1   2 3   5   52   31  "
"     3 5 1 256    4   6   52   24   "
"  214     3  6   5 3          6 54  "
" 5     34      2  2 5 1   13 5     6"
"  2  1   53 3     2 5 1   13 5     6"
"3 5   1    554 1   3   4    4  1  32"
"    4      12  5    32 4 4    13   5"
"    16       1  4  3 2    2   5 1  4"
"        256  1  5  5   65 12  3     "
"6    1    54 5  1   2   5     1 3  2"
" 4 5    6  26     4 1 2  2 4 1     5"
" 3 25     1   2   5 1  242 3        "
"  5     3 25   6   6 5 32     3 4 6 "
"  46   1    62  5 5   2   53 2     4"
"   34   2      5   1   6  6   3 5 1 "
"3    1    62 4  3    2    2   5 1  4"
"    6  5 31 4    3  2   3  5  52    "
" 4  31    2 3    2  53   2  45 5    "
"    41  1 35 5      4   2 3 1 1 5   "
"3 5  66 4      53   2   2  4 5      "
"6 3 5 1 5      16  6  3 4      3 6 4"
"  256    24   6  54      1     54 3 "
" 2  3  3    5     6    5    61 6  42"
" 15    46   5  1  6  4      61 6  42"
" 461   1   42   3         34 2   3 6"
"26    15   2  6 5  2 3      36    2 "
"  6  2    16   3   3  6 4 12  2 3   "
"    2 2   65   4   5 6  5 1   4 2  1"
"   6 2  23 11         25 612    4   "
"     6  4 52   42  3    2 3 1 5 1   "
"25    43   25  3         4   16   53"
"    13    2   35   2    2 4   5 1  4"
" 3      5 4 1       4    5  14    56"
"16   554        6 2  1   15 3      6"
"43   551      42  2 14      21    3 "
"  24  1    3 2  3  1 24 5 41  2 1   "
"21    43   2        34 11    3    64"
"6 4  35 3      32  3 5    1 65  6  1"
"    4    3 6  32 4 2    41   363    "
" 3 25    13        24  53   4 41    "
"5 1 3 4 2     4      61 1    6   2  "
"    4 1   3  2   3 1 5  2 5  46 1   "
"4 1   2 3  6        23  3   62     4"
"6 4  35 2       3   54  4    5     1"
"61  4 3      4      1 6     54 6  32"
"    46 1  535     1 3    2 4      6 "
"  1       23   6 25      4    3 2  4"
"51   3  3   4    1 2 6      15   3  "
"   1   1  536   1 3    6 34   5     "
" 16   34  6    3 2  4   6   3    5  "
"61   4 54      13 5 1      64  6   1"
"1 45  25     2        14   1 3  5 4 "
"5    1   2 3  1 3     144 63   35   "
"    45 5 26   65    26  4     61  2 "
"52  4  34       2 46 3    5  2     6"
"     4  3  15 6      61 4 1 3  6    "
"    3  1 5 45      3   52       432 "
" 4 15      3  143   5   31        2 "
"     4  231 4    21   6 2      61   "
"3   4    1 3     1  2 6 4 12   3    "
"    24  231 1          6  3   2 6 4 "
"3 46   16   1  4       6  2    4  3 "
" 25   46  2    1  5  4    2 5     41"
"4 1 2  32    4  5  2 4    5 43   2  "
"  31 2    531   2   4 1  5   42     "
" 4  53         2    53 645    3 2  4"
"    64  231  5       6  2 1     6 2 "
" 36   15   2 4    5  4 6    51    6 "
"    16 26    61       5   3     532 "
"2    3    4 3   6 41      34 2  4   "
"6 4  3     6    2  536  54          "
"2  3       5  6 2 4   53 6     5  46"
" 4   6   5  2   54        53 2  3  5"
" 52     6  3 3  6 6  13   13 5  3  1"
"  2 6   3  1 1 4   2  1   4  66 1  4"
"5   1  12   6    5   2 6  3 6   532 "
" 5   3 1 5 42      3  4      2  13  "
"      4  6 5  32   6     3   6 4 3 2"
"5   3      2   2   231   4   113   5"
" 1  3  2 14   4 5       2  4  5     "
"2    13 1  4 2 3       26 4   1     "
"     545      26  6 32   2  4  6  32"
"5 1 3   4 5  3 4 5 5 3    3 212     "
"5 4 6  2     4   56    4  53 2  3 5 "
"    1 61  5 42     5 4  5 2      3  "
" 23       3     6556       1  1 23  "
"6 4  3     4 2 4    35    1  53   2 "
"  541           6 6    3 4     1 54 "
"  6       21   5  64    5    33 2  4"
" 5  6  1  535        34  4 1    6   "
"  1  6  23 1         56  251   3    "
"2 1  3  4  1 1 6 46     1   36      "
" 4 3 2 1 5 4 2    5   4        34  6"
"   3 22 1   15       1 66 5 3  2  6 "
"6 4  3     5   56   2   4   5  2    "
"41  2     6 35       2   6        54"
" 4     5  235  2     3 5     43 4 1 "
" 4     5 26  2   1  4 3       26 4  "
" 3     1 5 4     35    115       2  "
"  1  6    5  3      65      6 4 5 3 "
"    654       15   4  3 2 5  3     6"
" 43        54   2 1   3   4     261 "
"2 4 5    3  4    3 1  64  243   1   "
"      1   32 5 6 1  2   2 5  3     6"
"3 51     6    6  3 3  1    25 1     "
"51   3     4  5 1   64  64       34 "
" 2   3 3 4 64     2   45 4 6   56   "
"1 45  5  2   1  3   2      3  2 1   "
"2   1 4      34        5 4  5  6  32"
"4   3   1      2 4  6    6  2  1 34 "
"6   4  1   5        2 6  4  5  6  32"
"3      5  62 2 6     2 464  2  3  5 "
" 4 5 2 6   36   3   5  423   6      "
"25  6         32  6  4    5 24  6 3 "
"  65    4  6 2       34 3       1 53"
" 5  36  6    4 6    3 1      1 2  5 "
"    4  642   2 1 3 13  2   6  6 1  4"
"5 4      46  3     5  32   2  3 2  4"
"     5 3  61 1 5  25 3  3 21    1  3"
"1      2 3     5    4 2 3   1   1 53"
"4 1 2   24      4  3   1 4 2 5  3   "
" 436      4     2 5 6     53 23    4"
" 3  6 5    2   4 6 1    4 12    3 4 "
" 5  36  6 4    31  35      4  46   1"
"3   4   231  5        64  6  2 2 6  "
"52  4  3 5     6    4 2  43        6"
"    4  16     2 3      6  53 23    4"
" 42     3    6   53   4  2 51 5  42 "
" 53  6   5   4        25  52 11     "
"   3  3 1  4 6   25     6   2  2 5  "
"51   3 3 1  4 5     3 54  643     2 "
"1  3 6 6     2 4  31    4 12    2 1 "
"    3   35      2662   52 5  41  2  "
"5   6  1  53   1   4  2 1  3    6   "
"5      2  4   5 2  6  3   2  6 4 3 2"
"3 65  5 4  314        3     64  1   "
" 2   5  52 6    5354    6 23  3 4 6 "
" 6 5 4  43 64    51 6    156   4    "
"4  1 55        6    1  4  542  24 1 "
"  4  5 6       3 24        5  3 2  4"
" 3  45  5       31 2      34 26     "
"4 1 2    3      6  54   2    4  5   "
"4 1 2    3       3 2  1   54  6    2"
"   23     5  4    63   24  5  3 2  4"
"    5 2    6 1     5  2 6    2 2 3 4"
"2  5    3  6   6   5 2 1  1 5  3  62"
"56   4    5  4 1 313      6      54 "
"  4    3 4 65    34  2      5265    "
" 3      23 1     21   3     6 2 5 1 "
"16   5    6   3   2  4  5    1  6   "
"    4 5 4  3 5 6   1   5    6 3    1"
"6 4  3    6   5    2 5   3   22   5 "
" 1 63   6    5   12   65 62 1    5  "
"6 4  3    6   26  3  5 4  53   2    "
"1 5  22   5    6   3      1  4    26"
"65 3     54 1      4      2 1  1  32"
" 6  1   162 3   5        35     65  "
"1 45  2   4  4         23  1    5 3 "
"  513 1   6   3    6      6 1 2  3  "
"16   54   6   64   1 5  6   51 2 6  "
" 4   2  54 15   2 3       2  4 3  5 "
"5    43   6   5    326  2   4  6  32"
"        4 65   5 1 1 2  2 5  41   5 "
" 1 64   6 2 2  1 61    2 4     25 1 "
" 3 25 2  13         4  515  2    5  "
"  4 32 2       5 66  2   5  2 3 2  4"
" 6  5353   6   4  4 26   2   43   2 "
" 6  4334  6   3    1 3  4   215    6"
" 4 15 1 5 3  3   4    2 3 4      2  "
"31   6    1    6 3  2    4        35"
"  2 5 3  4   6 2       12 16      1 "
"43   5    4   32  1 45  3    1 1   2"
"    3 2 3  6   3   4 6  6 2        1"
"     161  5   651  5 4  2    4    2 "
"4 1  3    1  3 4   2 3    5 42      "
"46   2    4   2    4 1 31 3  6    3 "
"    5 5 4  3 4 5   6   4    6 3    1"
"   26 64       6 1  3   4   1  1 34 "
"61   4 4  1 4       65       1    36"
"16   54   1    4    4   6    13   2 "
"  3  1    456  4   2   35   3 3 2  4"
"    5 64 2    4   3    5  352  2  4 "
"  5    4   1 1  2 5   3   3  2 5 4 3"
"34   2 6  4  5 4       6    3153    "
"  2  31 3 5 3  6   5      5 6 6   2 "
"31   662  1    4    36 1 3  651   4 "
"  62 3 3 4 65     36  4  156       5"
"   34 5 3     2       36  5 24 6    "
"    6 15   2   2 3  5    3 1  6   2 "
"  6  3 2  5 4        26   3    5  46"
"  3    1 5 44         25   3   65  2"
"     3 532  4    2 3  5   6    2 3 4"
" 4  526      6 3    5 1 2   4      3"
"  2    3 4 63      5   42  36       "
"        1  2 1  5 4   2  3 5 6  4   "
"61 4      3 35   4   1         65 1 "
"  265  4    6   2      1   3   54   "
"    6 14 5   64  1  2      45  3    "
" 4      231 2   4 3   26  64   3 6  "
"5 1 3      4 2 1    63    5 236     "
"    52 15   5  6  4  2    3    5  46"
"  2 61 5    5  2  1  6      3  16  2"
"2  6   1    5    23   61  3    5 2 4"
"4    61 3 4    65 61    2   1      4"
"2       5 324      3 4 5  1 2 3 4  1"
"  5   1      3 4     6 35   4 3 6  5"
"    452    1 6       12 5 4 1   6  2"
"  5 2 1  3   1    2    44 26    1 5 "
"  1 465   3  5 6    43      531 5   "
"     165  3   65    2   2 5  3 3  6 "
"6 2  4    3  1     6 4  1 3  6  6 43"
"       35  6   4 124    6  5       3"
" 15 3       4  5   3 42 3   5      2"
"  164       56  1     3  2   36     "
"    1   1 263    5  5    3     6  3 "
" 41 2   3    3 4  15       31      5"
"  6 23 5      4     26      4  6 23 "
" 6    4 3     6 4 3   25     6 2  34"
" 6     31 2   3 6  563     4      32"
" 2     35  6  34    4 2    35      2"
"6      5   453        4   256      2"
" 563  3     2    3 1   5     2   51 "
" 56      1   6  3  2       4    4 26"
"   6  36    2   1 5 1 2    2    2 65"
"   5   5  62  6 5   2 4 4 1    6 1  "
" 1  46   12  5 4  6     2      4  5 "
" 6  54   6 32   4   6  141      34  "
"4 6  353       1   5 6  6    5    1 "
"     33    26  2      5 46     53 4 "
"45   62 6    4  1   2       511  6 4"
"   32  1   5   2 43 2   6      35 1 "
"1  64          53 2  4    2   64  5 "
"   3    1 266    12   5   6   35    "
"25      1 6 6  15   4        2  561 "
"    5    3 44    251 4  64  2   5   "
" 6  2    4 62     4  3    5   32   4"
"       3 45   5  2  1 4  541  2     "
"  3 4   2  54      2         2  561 "
"  35  2         3 36  4    6    5 23"
"14      2       64  3      61  1  43"
" 41 2 3 2     31   1  5    612      "
"   3 1 1  54     25  1   25   6   2 "
"     26  5 4 4  6   12  1 5   42   1"
"3       65      5 21   3 321  5 1   "
"3 1  2 2       3    25      64 6 23 "
"    35   4    46  6  3  4 5   32   4"
" 1  46   21 4  6 11 64   25    4  5 "
"  5   4  65 5  2   2 4      4 34  6 "
"   2   526    6  54      1  4  6  21"
"  2 1    4     12 4 1    13  66    1"
"  1   5   1     2 61 4  25   4  4  5"
"4 6  3 5   6    1 3 4   54   2   5  "
" 3  52 2 13 2  5    124 3 5  1      "
"   2  3 2       16    2  4     1  43"
"  54   243  4      3  5   1 4   32  "
"  164   5    1  5  5 1    6  4    3 "
" 6   4 4  522   4      64    3 3    "
" 1  46 2  5      24 2       6  6 3  "
" 64  33 5 6    5  6  3    3 24 4    "
"14   6   14   6  5  52   216  5   2 "
"  5 6  1 35  2 6  6   4   3  51     "
"   4 5  6   21       51      6 53 4 "
"  3    1  54 2   5    31 5  2 1  5  "
" 16  4    5  6   5 53         2  6 1"
" 2    6 4 2    6   5 4  3 1       41"
"     6  213 15         3 1 62 4     "
"     2  514    3 61     5   3  63   "
" 4    1 6 5  6  2    4    2 6    5  "
"1 6  4 5     1 4   4 6 1   3    3  6"
"1 5  3 4    61 4   5 13    5       1"
"  1   26   3  35     2   5         1"
"5    6   32      2  3  124 6    5   "
" 51  24     3  6      5  4   5    3 "
"     66  51  1      2  3 3    1 4 6 "
"4    6 63  11  3    6 2    41  4   3"
"   5  2    4 35       1 3 4  2 1   3"
" 1  23      2    53    6 263  5  6  "
" 2   5  514     131    4 542  2   5 "
"    6 5   42 4 6   2   4461  3      "
"    6  4   3  36    25        536 1 "
" 3 512        6     5 4 2    6   4  "
"    6 52    2  4 64       5234      "
"5 2    14  52   1   1 4         5621"
"143 2         1    2   3  4 5    23 "
"    2 62 5    1 4   51  152  44     "
" 4 362    1    2  62     6  43  3   "
"14 6   63     1        4    5  3 216"
"   4  624      12 3       3246     1"
"   42    15  4   2     11256    4   "
"1 3   4         4  2 1    5214    6 "
"     2   1 3 1      62  152  46     "
"  2    43  54    3    4  3 654     1"
"  6   3524  4   1     3    1   3 5  "
" 3 512    4    4  6    3  5    2    "
"  3  5  2136    1 1  6   61  4 34  1"
"241              1  4 2  1  5  3 216"
"465  3    5 1    6  25    6 42 1    "
