"    1    5    364 2 4     1  3 2    "
" 1        5 3 2  44    2   6    4   "
"    2 6       45   534       1 4    "
"  5 4 1         2 46 3   3 5       4"
"     52  6       4 43     6   5  3  "
"2    35   6    4   14       32      "
"  13    4  26 2       5    1 3      "
"1   2   4 1  53      6 53 2         "
" 2   5 5 1  43        46         2 3"
"6    5  5  4   32 23          4 6   "
"    14      35       32  6  5  4   1"
"      21       5 3 65    3   44    1"
"5   2   4 5  61      6 3      4 2   "
"   35        62       124  5  3   4 "
"4   3  2  4 51       6 1      3 2   "
"   42       63        13  4 5   51  "
"  1  5 2 4  2   6    24 56          "
"         1 3  6    1 3 4  1 2  5    "
" 5   61     31     2 14    25       "
" 5     3 1 4  4  2     324          "
"46             1 5  1  43  5   4  6 "
"      21       6    5  2 63  1    4 "
"5    1 3   6   5   1   42 4         "
"      52      5  3 3   24        6 5"
" 1 5       3   6  5 3  2      2 4   "
"         52  2  65 65  4 3    6  1  "
"   4 1       1  5 5    6  36   2   4"
"  6 1   36  52     3   2   43       "
"12               5 352   1 6  4   3 "
"         2 3 3  45 54 6  25         "
"  6     53   2  4  4   2         61 "
"   3 6      3 5     2  15  4  2     "
"2  5  1      6  5   4  6         21 "
"5 2         4    1 1 6    4 3 3   5 "
"4 5         2  1   1   3  2 6 5   2 "
" 6   32    6  1 2 4 2             65"
"         4 5 2 6   5   3  3 1 1     "
"    64        632 3 21  2 4         "
"      3 2   6  5 12 54      63      "
"5 2         6 4  12  3 4         65 "
"      3 2    1 2   3   64   6  2   4"
"13           23  4  1  2    5  4 6  "
"  3   5   2  2  41 4   6         61 "
"      45       1   35  6  2 3  4  6 "
"      3 2    2   153 4    5 1     6 "
"   3 1        2 5   5  24  6  3     "
"      3 2        5 5 4    4 2 6   1 "
"   16       25     3   23  6    6 4 "
"5 2            3 6 3   1  56  4   5 "
"  12  4    1 3  2    34       1 6   "
"  56  2   5    1 6 1   25 4         "
"      65       4 2  2  31   6  6  3 "
"2   5 1  2   4  26  6            13 "
"   4 3       3   24   5   26   1    "
"   2    2 6  1 3 4     134          "
"      21        3   321  6 5    5  6"
" 2   4    6   56   4 5 33 1         "
"2  6   5      3 64 2             13 "
"      6 2     1  4 4 2 3  35  2  3  "
"3 5          4 51   2 4 5  6    61  "
" 2   5  1  4 3 5 16  3  1 2         "
"      3 2    3   1 1 3 65   4    6  "
"35   2   1     6    3 1 2 4         "
"      1 4   6  5    3 2  5 6      4 "
"         2 3  4 25 3  4 6  5   1   2"
"         1 3 2  4   4 16 1  3  5    "
"    3 6   5  2   1 5 2  5 4         "
" 1    5  6    2 36 5  2          4 3"
" 5 6   3   5 4    2  1            64"
"  6 14  4   2   3   5            1 5"
"      3 2      5   5   46   1   4 2 "
"      3 2   1  5   5   4  1 2     3 "
"      3 4     21   1  6 5    2  3  5"
"  3  2 4  6      3 5 4  6 1         "
"  36   6   2   3   5  6 4 1         "
"   42       1 4 5   2  4  35  5    6"
" 1     3  6      524   3   43       "
"    2 4    11 56    25            65"
"   4 6       5 6   3 21 2 4         "
"      3 2    5     2 3 4  12  2  6  "
"     6  4 2 2  3 5 3 6  1 2         "
"3     6  5   42 5      4         61 "
"1    32    45 6 2   2  6         14 "
"1 2           34   1 3 65    43   1 "
" 1  2     6   32    56 453          "
"4   3 2      4 6   564            41"
"5    3   4   6 14  1  6 6 2         "
"      1 4    4 56     2   34    6  2"
"5 2              6 5 1 33   6 4  5  "
"    14       5  2 32 1    1  62     "
"  4 1      6 5 6   1 4 53 1         "
"         41   6  55 2  1 1  6 2     "
" 4   56     2 6 4   1 2    3 4      "
"         4 526  5  3  2   5  13     "
"    3   5  2 6 3   1 56 4 1         "
"         23   6  41 4  3 6     3  5 "
"21                  365  5  1  6   4"
"2    16   3   46 2      15          "
"      3 2    6   2 4 6 11        1 3"
"          1325 4   3 2  51   6      "
"  2    5  3   4  6  64 521          "
"2   5    4   3 6   563            41"
"   64      13        2 543    1     "
"15    2     5        4 3    61   2  "
"3 4     1     2      1 5   41      6"
" 13   5      21      6      2    53 "
"   16     4    2 112    6      45   "
"    21    6    1 5 14    36   2     "
"     2   4 5   62 23    35      4   "
"  51   14        5 2        6    21 "
"   42     3 26         1 5    4 3   "
"2     6 1    4       6 5     3   12 "
" 5    21       1 6 36      2 5    4 "
"   3 5     2   51 61    4      23   "
"3 6    2     51      1 5    6     23"
" 6    24       15 1 5       42   6  "
"1 2     6      3 443         2   61 "
"    23   5    16  5    43     2 4   "
"     3    52 4 1   5  3   2   1     "
"6     3 2    4   1  6  24   3    4  "
"  3   26      412 1 2      46     1 "
"  3  2    5 1  3     6   6    34    "
"4 3     1   6  4     26        5  14"
"    6 2  1     2    5 4 3     6 4   "
"    1     654 2     5  23      5 3  "
"   2   2  1 1    5   4 15 3     6   "
" 56   1      1  322    6    51    6 "
" 3    21       6  6 1 2     54  52  "
" 2    3 5    3  4 61       3 5     6"
" 6    5 3  24       14      5     31"
"   5 6  6 4  1   3   1  6     2 3   "
"     2   13    65  6  1   5   1 3   "
" 3    21       65   6 2    43 3    5"
"   5      64  5 2    3  26     4    "
"3 4     2    5 3       1   42      6"
"3     1 6          4  65   43     2 "
"5 2   1        6 33    5    31   2  "
"   34     6  4 5   52    15     6  1"
" 5  1    5 26 42      6 1 2     5   "
"6      23    1  344         16    2 "
"   3      562 1  55  2  3 5     6   "
"    61    4   6 35 53    341  1     "
"  4   32 1   5  6          2 5     3"
" 4    21      5 1          3  6   24"
"41     3      2 1  6    6  34    5  "
" 1 56      1  4 5    42 56    2     "
"3     1 4    2   1   6  6  4 2     5"
"46     1      36       5   2  2  3 4"
"63     1       4    2  34  1 2     5"
"   31      2   5 6 4 1  3 1     5   "
"6 4   1      51 6    52     3    4 6"
"    5    4 1   3  32   6  1   4 6   "
" 3    1 4   65     4   2     4   2 3"
"  1 6  4   1  2  64        3 4     2"
"5     4 3   6    5  41     4      52"
" 4    21    5   4    56   2    5 4 2"
"56     3    3  6  21   3    64   2  "
"   16     4  4   12      3    51 3  "
"    32    5 4  1   1   36 1     3   "
"3 6     4    6     5   4   2 5   6  "
"   32      5   4   2  6 6     4 5   "
"   16     4  4   225    5     61  2 "
"     1  2 3   56   1   25 4   2     "
"4     5 2    6  3      1    45    1 "
"3     5 1    6   52  6      4    3 1"
"23      5     6  14   5    3 4     2"
"     3    523  4   4   1  6   52    "
"    6    52  4  1  23         4 2  1"
"       34 5 14     6   5     4   2 3"
"    14    3  5 2   2   126      3   "
"    61    4   5  6 3       21 2 1   "
" 3 1  1 5     43  6   5    5 3     2"
"    5  15  3  2  64 6       1     65"
"3 4     2   4 15  6    4    46   2  "
"   25     6  3 6  2    3 524  4     "
"6     3 2    4 2    6  1  1 23   4  "
"4 5   1       12     1 5    6   63 1"
"   5      46 2 3  1    2  1   4 6   "
"1      34   4  1   6 4 5     4   2 3"
"   24     3  64    5 6  2 14        "
"     6   34    2 3  6  54     2 1   "
"2 5     1   4  6     41 1   32      "
"  51   3   5  1 2    41 5 3   6     "
"54  1   3    5 4   1 6       2    64"
"    14    3  5 1   2 4   15  26     "
"     1   25 2   4   4 3  1    64    "
"  5  64  52     4  2  5 1 2     3   "
"    3   61 5 4   6 5   15 4   2     "
"45     2      4 6   5 3 6   53   1  "
" 5    21         4 31  61  32       "
"    32     4 5    61 4  3 1     5   "
"   1 3     4 2 53 3   4   6     2 1 "
"    1     56 3 1       5 15 2   4   "
" 2   13       56   3  5      5   1 4"
"45     6       3 6  6  1 2  5    1  "
" 64  2       5  6    35   5   1 2   "
"      46      5 62  3      14     2 "
"         21  51  6     43 2     5   "
"34           36     16 2   54     2 "
"   3    54 2       6   54     2 1   "
" 1    56      2 4  4       1 2   3  "
"    65    3  4 1       66      3  1 "
"    6    4 5 4   1  6   6     2 3   "
"6 3     4    2 1  4          6    35"
"    13   4    6    3  2 6     4 5   "
"4 5   1      3 2    1       4    63 "
"     2   64  6 3    5   1 2   5     "
" 5    43      2  6   1      1    54 "
"  1    3     6   2 4 5      3     26"
"2 1     4       4  5  3      3  521 "
" 24   5  4   4  1  1       3 5     6"
"    3    12  6   5 5 2   45   3     "
"    65    3   42  5       2    6   1"
"1      4      3  2 6 4      13    2 "
"4 5   2      1  6    4     31      5"
"3     5 1        5 2 6     2      31"
"   16     3 3    6 2   556      4   "
"5     4 3    1   6   1     6      54"
"   6 5     4  15   3  1  2    5    1"
"    1    23 6  3    4  6 3     65   "
"2 1     4      52  5  3      2   61 "
"     4   1 562     3  2 3      51   "
" 5    3 4     2 566         1    54 "
"  1   2 6       6  543       6   13 "
" 4 3    6    3      14 6   54     2 "
"    3 1  4 253   1     34 2     5   "
"     6   2 1 5 63  3    3      125  "
"  5    6 5  2    4  1       6     32"
"     4   1 3 6      1 6  432  5     "
"  4   3 2      5   5   3   16 1   4 "
" 3    65    3    2  26  4   65   4  "
"    25    6  5 14   1   3 4   6     "
"6 4    2     31  5 6        2    13 "
"4 5   1      2 1 5   3          6 51"
"26   3        3   5 4 1    5 2     1"
"    1    23       2 4  6 4    1 3   "
" 23   5            465      3     26"
" 2      1  34  2    6       1    54 "
"  61   1     2    3   4      6    53"
"6 2   3       6  4 4 1     54     2 "
"4 5   1      1   4 2 1      6    3 2"
"3 5     1    4 5      2 2   15   4  "
"   1    5 34    5  2 4  3     4 6   "
"35     1      45   2   6   13      4"
"     3   1 44 3     1   6  5   5    "
"    5    34       4 5  3 1  6  56   "
"   6 5     4       45 3 2      36  1"
" 6  3 1        5 2     4  1   4 5   "
"  13  4   5  5     42       3     26"
"35     1       5 4     6 3 64 1     "
"6 4    3 4   6     12 3      5   3 2"
"   14 4   6    2    24 62     63    "
"    2    63  43  2 5 4    1     5  6"
"   3 1     21 5 4   3   5 2    4    "
"     2   1 4 1     34 6   3   6  3  "
"  5   3   6 14 5   5        21     3"
"   42     3 2 5  6  6   6      3 1  "
" 1  5   2    2 6  4    3    4     65"
"  1   2 6    1 5   23 1      1 6 4  "
"5     4 3    365   5   1     26   1 "
"   3 6     2  1   2   1  3 5    4   "
"3 4     2    5   2   5  1   4    6  "
"65    1          2  41   2   6   3  "
"   3 5     22   1  6    6      52   "
"   3  3   41     3 5 4  6 1     4   "
" 51   6       6  3 3   1   24     3 "
"4     3 2           52 4 1 5      6 "
"4      532        5 1 6    1 3     5"
"2   6   65  5 4     1       5    14 "
"2   4    6 3  416       6 2   1     "
"  23  5    245     6         4   2 1"
" 1    6 4   5 6  1  2 6     5    14 "
"  5   1 4    2 56           23   4  "
" 25   4      4     61  2    1    34 "
"  45  5    2    2  4 35 1 2     3   "
"    4    21  34  5 1    1  65   6   "
"5 3   4     1   5  6 41 6  1       5"
"     6   42  5  3  2 56   5   1 3   "
"3 5     1    2 14     2 6  5       2"
"   61     5   4   5 2  4 5    1 6 4 "
"     3   65   21 6     534     1    "
"  52   6  4 4       3      5 3     2"
"13     4       2       6 2 53   5  2"
"    63     4  43   1  2 5 6     1   "
"    34    2   32   1   6  1   4 5   "
" 5    23      5  4 1 6   4  13      "
"5  4 6       6 2  4   3 2 4     1   "
"     1   5 42  4    3     1 3  6    "
"65    1          5 2 4    4 3      1"
"    2    16 3  54   52   3     41   "
"42  3      4 5      13      6     23"
" 4    2    6  14   5   2    3     24"
"   6 5     4 5      3 1  2    6    1"
"  5    6 3  2    6  1       1    54 "
"4 6    3 4  2    6  1       1    54 "
"3     1 4    6 2       6  2 4      5"
"   1      46  3 5  5 2  3     4 6   "
" 2    51      2 36 6       41     5 "
"3 5     1      43     5 6    2    6 "
"     2   45        3 12 1 5     4   "
"     4   63      3 6 5 14     2 1   "
"   3 1     6 15         4   6 2    5"
"     1   5 42 41    1  3 46   1     "
"    242     3   1  1 63   5   1 3   "
"6 4   1      4 56     2    3 6  3 4 "
"    4    3 6     4 6 5 24     2 1   "
"       2 5 3  263     1  5    43    "
"   32     5        51   3   4 6  2  "
"3 4     2      2 5      4   1   6 3 "
" 3    21     5  2 1  63    2      41"
"   2      146  54  3  2 26     4    "
"4 5   1      5 1 2  13       5  6 3 "
"  3  16      2  6 46 3       6    53"
"3 4     1    4 2 1 1   5  6 5    3  "
"     4   1 5      34  2  5    2 6   "
"    3    12 65     1    3   545     "
"   3  1    2   53     4 26     4    "
"   4      513  62  2  4  5    43    "
"     1   5 42 34    5 3 3 6    4    "
"     3    52     141  3 5      26   "
"2 1     4   5   2  1 35      2   61 "
" 3   51     6 1 4   4  1   3 4     2"
"46     1      65 35  2       5  4 6 "
"   16     3  1   225   343      5   "
"2   6    5       6  34 2 3    51    "
"2       15   1   565  4      4   2 3"
"     2 1   43   4  5 62   5   1 3   "
" 13   4          25 6      2 3   1 5"
" 3 6    5        22 1      3 4   2 6"
"    21    56    6  54   2 5     1   "
"    41   6     25   4   1 3   6 5   "
"56    21       6 2 3       5 1    4 "
"  1  4 45   3 6       3     45    62"
"    65    43   6   31     2   54    "
" 31 5   4     5   2        12    56 "
"   16    42  1  4  5    32    1  2  "
"    2   5  1 4  3    4  3 4   1 6   "
" 16   45      5    3 2      16    23"
" 2 4 3    12   5       134    51    "
"   6 55  31    1       31 2   3 5   "
"    63    14        6 3 51  4 6    1"
"32    65       2   6   5 4 62      4"
"6      54 6   1 3 5    1   45    31 "
"  25  35     1  2   4      65    21 "
"   1 6   2 35       3  23  6   46   "
"   4 5   1 3 2      3  4  1   35    "
"   4 5   1 364     3   44     25    "
"3    151      4 6          3 4   2 6"
" 63    4  3   62  1         21    65"
"6 5   4 3        5   6  3    4  4 61"
"6      54   2 1     5 1     45    31"
"    21    56  6 1  45   52          "
" 5    6 4     1 3 2        14    26 "
"21    65       1      5  2  15   23 "
"          25   35   12  1 5   4 2   "
"  3      4  2    5   6 25 1   3 2   "
"   45    13  12    5  1  45   3     "
"1 6   3 2      4 22    1    16   5  "
"45    21     4  5          1 61  2  "
"   1      64 2 5  3   2 2 3   4 6   "
"1 4   2 6      2 54  1       6    21"
"   4 5   2 6 23    6   24  5        "
"   46      1   5  3   2 2 6   4 5   "
"6 2   5 1      3   5   2    34  36 5"
"3   2 5 2    4 6            43    61"
"5    2  165     2     4 1 2   3 5   "
"3  1 2  1       6    4  1 3   6 5   "
" 64 1   54  5      3       25    14 "
"    61    54  3    4     61 3 3 5   "
"54    32         6   4  2   4  3  21"
"  6 12   5       5   6  4 2   6 1   "
"1   2   56   3      4      23    16 "
"4     1 65    5     4  2   6 1   2 5"
"2 1   4 3      16   2 5     4    3 5"
"15    42    5    3   4  64 3 1    4 "
"2 6   4 5    6  1   43     5 3    2 "
"   3 1   6 5 4   3 12   15          "
"    14    26  3 4 5 2   4     32    "
"25   6 63     6  25        2 3   1 5"
" 3    5 1  34       2 5     45    31"
" 21      2    6  53 5      5 3   1 4"
"   4 3   1 534     2   4       16   "
"     4   26    3 1 5   642    53    "
"5      63    3   412        46    52"
"   4 1   5 6 2   531    5     1 2   "
"    43    21 4     6   531      6   "
"    14    23 4     5  6  21   4     "
"3 1   5 6      3  4   2      66  51 "
"   24    15  4      6 3   1   25  1 "
"   65    42   3 1 5 6    3    4 2   "
"    36    41     5  54  14    2    4"
"14    62     1  2      5   4 6   2 3"
"   2 5    1  63  2   1  4 1   6 5   "
"   61    54   2  4      5 6 2 3     "
"    32    4 1      2   62 4   5 1   "
"   6 5   4 3  6    1  5 5      43  1"
"4 5   3 2        2 2 1     3 6  3 1 "
"   4  6  23  61 4     1 2 3   1 6   "
"6 1   3 4       3 43  5    61    3 5"
"   1 6   2 3     2  5 6   16   2    "
" 31     6    5  3      4   6 3   4 2"
"   2 5   1 4 6  4 4    2 34     2   "
"    26    5  2   3  42  1 2   4 5   "
"52    63         1  54     51    3 2"
"5 1   6 3       2    5  1 6  3    6 "
"  2    6 5  1   6   4      15    63 "
"    65    43  5 1  3    4     21    "
"1   6    4   2   3   2  2 3   5 6   "
"   1 6   2 3  5   2   3  21   5     "
"  413          2 6   4  6 2   1 5   "
"3 5   1 4      34     5   14 5   21 "
"2  4 1 4    5 6     4      5 3   2 4"
"   3 1   2 53 4 1   2   6 1    2    "
"14    56      652     3    2 3   41 "
"     5   43     2  5 14 1 2   3 5   "
"    4 1   23   5      3 5 3   2 6   "
"31 6    2 1   3    4       46    13 "
"1 3   5 6      2    5  3   46 6   3 "
"  4  6    451  6      3 6 2   4 1   "
"3 4   6 2        1  32      46     5"
"    65    31 4 6  3   5   1    6    "
"     2 23    5    46        21    64"
"   2    156     2    31 5 6   1 3   "
"3 4   2 5      2 4   1    1 23   6  "
"4 5   2 1      2 4         34 1   5 "
"    34    52      24     6     15  3"
" 2 43  4  26   36       56    43    "
"35    14       5 4     6 6   2    1 "
"2 1   4 3       5    13    5 4  5 6 "
"     4  251          6 31 3   2 5   "
"46    15         6   1  5    4 4  35"
"3 4   1 2      1       4  1 52   64 "
" 1      2 143      5        43    21"
"  125     6 2    6   3  4 6   1 2   "
" 3     26   5    6  1      5 3   1 4"
"3 2   5 1      1     6 5 2  4   3   "
"      34  5 1 6     3      12    54 "
"    14    23 2    35 2  4   6   2   "
"  2 5 1   23     6   5  5 4   2 1   "
"     3    24     61  5  5 4   2 1   "
"    15     2     63  4  42    13    "
"1    6    5      2  34  6 1   3 4   "
"32    65         4 3 2      52     6"
"  6 5 4 3          14      54    21 "
"  2  5   12    4     53 1 3   6 5   "
"   16    42 25           43   6   4 "
"6 1   3 4       3    65 1 2  3   1  "
"1   3   2      2     6 43 1   5 4   "
"   51  3  64   3      4 26    45    "
"5 2   4 1   3  6       1     6    45"
"    25   1    24   4  6 2 4   1 3   "
"    21    56 4 5    6   5   3   2   "
"3 4   6 2        4 461     5 6    41"
"6 5   4 3      1 3          655    2"
"   4 3   1 5      21     6 3   34  2"
"3 4   1 2      5 2     6  123       "
"    61    54 351        3   1 5 2   "
"4 5   3 2      2     6 1     4  1 3 "
"2   1  5      3    14      26    53 "
"3 4   6 2        4   1 5  1 6    3  "
"46      1    4       1 3   2    5 6 "
" 15  6   1       54 6      5 3    2 "
" 4  3   5   12         3   6      45"
"    61   4      45  3 1 56      2   "
"  4   63       51 12      3  6     4"
"  1     4 2 36   2   5 6   2 4    1 "
"46      1    53      6       15  4  "
"     4   13  25       254   1 3     "
"    2  1  3   156  54   1 2    3    "
"    3   1 5    24  62    5    1 3   "
"2 1    4      5 3   4 2  1  5 5  4  "
"1       5 1  6 4   2   6    4    2 3"
"   52   5   1    3   1 4 6    2 3   "
"3 4    1      2  3 6 5    1 64      "
"  562         2 6 3 1        4   21 "
" 6    2 4      13   12       25 2  4"
"4 2    1    2      5  34   6      53"
"6       56   1   3 2  4    3      21"
"    1   2  556  4    3    5   43    "
"1       5 1  4 6   3   2    2    4 3"
"     2   16   132 5            36   "
"1 2    6         53 41     2      53"
" 6    3 2      5  4 1  2   45      3"
"    14   3  62     4  5221          "
"  4   63        3  21 6 4        45 "
"  5   21       1   36  2 2  3      4"
"      34     5 63 63        45   1  "
"52           3  1665         4   32 "
"    4  1   26   5    32 5 3    6    "
" 5 1  3      46    2  4    3      26"
"   1 5 1       52 2   4  3    4 6   "
"3       2 16    2  3 5     43      2"
" 4    3 2     15  5 32       5   34 "
"65      1   2    454   6    42   1  "
"  5   21     4 3 662   1     4   6  "
"4      53    2  54 4  1    3      21"
" 5    4 2     456  3  2    14      2"
"    14   6    124   3     5   63    "
"     4   26 63 1       31 2    5    "
"     1   23 4 6     3 645       2 1 "
"5 2    1    64   5   4 6   6  2    3"
"   65      4  5 323   4  1      6   "
"   6 5    3   6 2  345   1    6 5   "
" 4    2 6      6  1  4       3  5 1 "
" 562       13    5 4   3  3   51    "
"   3 1    2   2  53 5   42  6     4 "
"     1  3 6    45 2   3  3    4 6   "
"3 2    1      4  1   4 22  6   5 2  "
"62      4     5    6 13    6      23"
"3      12   6   2  2  45   43      2"
"    14   3  25   14  6   1    3 2   "
"     4   13  3     4  25 1 2    4   "
" 6    4    3  124   4      1      65"
"    5    3 61 4  55  1  36      5   "
"   1      262  4  4 5  2  2   31    "
"     21      3  5  2  1    4      61"
"2 1 6      4   5    3  1 6    3 5   "
"    2    3 4  5  34   6   1  2 3 1  "
"3 2 4    1     3  5   2  6    4 5   "
" 45  1      26     3   6   6 4    5 "
"     2 24   6  3     4  1 2    5    "
"   5   2      5 2   1 6    24      3"
" 3  4   1    6   45  2      35   1  "
"    21   5   6  3 35    6       2  4"
"  6  4    2 2 5  6   1   4    3 2   "
"   3 2    6   3  4  46  5      1  5 "
"    3    1 6 5 2 11    45      31   "
"5  64   6   2   3  5  2  6    4 5   "
" 1  5   2   5  4 6  4      5 3    2 "
"5       2  1  4    6 32    5      46"
"    31   2   1    3  6 4 4  52  2   "
"   4 5    2  6     54    3   11  6  "
" 4    3 1     2  4 1 3 2  4   2  6  "
"  3 5  2 3    4 2 1    6     5   21 "
"  4   23    1    3 6 2 1  5 64      "
"  5   12     145       62   5  5   1"
"    6    2 1  1   6   53       164  "
"  1    5      3 5 5   36   21      5"
"      6 5  3    1  1 34   3   42    "
" 1 25   2       4 3  62  6    4 5   "
"    14   3   5  3 32  5   62   4    "
"12      6    3   4   2  41 6      5 "
"    4  64  5  3 2 4  5  1 2    3    "
"    12      1    4 6 5   3    2 4   "
"    1    5 42   3   5  6 63   1     "
"     4   36 2    1 5  3        61 4 "
" 2    1 3    65  4  15        5  34 "
" 3    5 1      25     1 3 2  6      "
"1    4  2  5    3    24 5 4    6    "
" 6   5   6    14 3 3   2  6   35    "
" 26         35   4 4   3    45   6  "
" 1    6 3   3  26 2   3     54      "
" 4  6     5 1       324  6    4 5   "
" 4  5    6    6  25  1 6 6    3 5   "
"3 4    2    1  2 5  21   6  3      2"
"   5      31 5    64      1 2 5     "
"2 5    3    3  16 4       42       5"
" 4    3 2      3  6  1 5 5 2 1  1   "
"   3      52 2   141 5    5     2 6 "
" 6    3 4     26   3 21 5    6     3"
"  4 5      4  3    5 1 2 6    3 5   "
" 4  52       1  4   561 25      4   "
"   41      256   3 4  6  1    2     "
" 1    6 4     5 1  2 35 5 1 6       "
"54    3 2      5 12        35      6"
"1 3    56      5    2        33   12"
"   3 2  3  4   15 1     4 1    65   "
"6  3 1    6 2        24 1 2    56   "
"6   1 5 1      6   3        64   32 "
"   3 6    216 1      1   3   5 45   "
"   42     1362         43      163  "
"   31 3    2  4  5     15 3    61   "
" 56   1 4   4   1    2  6   35   6  "
"       61 5  5   434        45   16 "
"56    4 3      2 1  63  6   1  3    "
"   1 6    25 1 5 4 4    4 6    3    "
"    56   4  2 53     5   12   3 6   "
" 56   1 4    6  1    5    2  1    32"
"   2 5    13 3   14     16  5   5   "
"    5 5  1 3     4  63  1 3    25   "
"   42     51  2 3 6    2 54   3     "
"4 1          5  2 13       64     15"
"56   11       25            23   1 5"
"61      4    2   5  34     24     51"
"    45   2 3 4  2    5  6 3     2   "
"    56     3 6 1  2      12   3 6   "
"   34    2  6    5  1   51    3 2   "
"    43   1 56   5  3   24      51   "
" 41   56    6   4   42      51   4  "
"     45  3     6 1 1 5  1 3    25   "
"    5    64   3    6   2 12   4 6   "
"   4     3 56   1   2   5 3   26    "
"    1     652       43  1 5    42   "
"    13    2  5      24   13   6 5   "
"64    5 2     5  3 2      42 6   1  "
"   56     31   1   4   316   52   1 "
"42    6 1   3 65    2  6   4      62"
"52      1     24    63     24     13"
"    63   12  5 6        3 6 5 4     "
"    45   2 3 6 5       13 4    5    "
"   42     51  35       265    1     "
"   6     23 1    35    621     54   "
"   4     3 54 2 1   6   5 3   26    "
" 23   65    5       6  43  2     31 "
"     1   6 5  3 2  4     65   43    "
"46     51    2      6  3     6   45 "
"   25      1 3   64     51    3 2   "
"   1 6    54   4   2  6   1   6 3   "
"   2 5    13 4 3   2   65 1         "
"45      1    1  322    1    64   32 "
"3     6 4 3  5   4   1      42   61 "
" 5  6 1 6    4   5  1       56   21 "
" 53   1 6    3 4    2  5         61 "
"     6    51 143         65   12    "
"    54   32  6 2 1  1    3 4  1     "
" 5     24     23  1    4   54     31"
"    23   61 35 2     3    5    16   "
" 3      2   6   24 4   6   34     61"
"1      34    6   5 45  6   65     24"
"4 6    3     1 2   624      34   12 "
"2 1    56   1     6  3 1   4      23"
" 214   4      2   6    1    65   1 4"
"    15   62   1  2 3  4   6   12    "
"3 4    6    1 64    21      64   21 "
"6 1   32      34      1   2 3     52"
"   42     61 2  3 5    2  1   64    "
"   2 6    13 6   45   6  23   4     "
"   3 5    1 1  6   3   426    3 1   "
" 32   5 1    1 6    4 3    42      5"
"   23     56 3  4 1    5 52   6     "
"52      6    4   3  16     46     32"
"4      12   5  3    3 6     21   43 "
"1 3   25      1 2  2 4      35   2  "
"    46   1 3 6     12    563  3     "
"26    3 4      52       5  63  3   1"
"62     45      4 1       5  3  1 2 5"
" 13   2     45   1 3   5   12     56"
"31      2    46  3 2  4     52   13 "
" 26   3 5    6 4 1  42     5 3     2"
"    52   41  63  5  5 3 2       1   "
" 43   2 6    3 5 1  53       4   6 5"
" 5   1   2     46 36    4 1       1 "
"   23  2    6         56  3  1  4  3"
" 4   1 2   4 65       6 3 4      3  "
" 32             166 1 5    4 5  4   "
"   62        1  64 54   3 1      3  "
"    4  4   5 6   3  52  1 3      1  "
"  1  5   3  5  2   2   1 6        64"
" 5        25  3    6 1   1 4      3 "
"  41     5    2  3 61       21 2    "
"  5  6    5 32    1  2      41 1    "
" 1       12 2    36   1    5   24   "
" 31      5  6    53   4  2       2 3"
" 1       1 3 6   24    55 2      5  "
" 46         2    61   5    3 4  3   "
"    2 21     5      63       56   3 "
"1 3      1    2    6   52   3   6 4 "
"     221         3  65    3  6 4  3 "
"  1      16 2    3  5    5   2 4  5 "
" 5   4    1  4 1  1  3  6 2       2 "
" 2 6   5  3   2 6   5  1 4       4 3"
"   3 4  1     6   3  5   2        21"
"45        4    6   632    1  3    6 "
"  2      2 35   3 1   65 41         "
"  5 3   6  4   1   1 3 2    2 25    "
"   5 45        62  6      5 1 1 3   "
"45     2  4    36   3   6   5      1"
"5 3   2    3 4       6      1   2 4 "
"   63      1 4       24   2  33 6   "
"63    4    3   41   5      3 6    2 "
"     4   62  21      1  5 3   6   3 "
"  5 6    53 4       32  6    1 1    "
"   2 6    4   1  35  1  23     1   2"
" 5      36    5 3      6  1  5   1 4"
" 1   2   1 3 2  5   4   6  2   5    "
"16     2   1 5   3   6  2      1 42 "
"        2 6 5    2   1  45     3   4"
"  14    4   2      4  3  5   6    53"
"         31  2 6  1    5 3   441    "
"     31    5 6 1          52  2 4   "
"  5 1    52   4  3 1    6       3   "
"  3 5    34 2       1  65 4    6    "
"  21  1 3   3    1 6  4      2   5  "
" 6      45  1    3  5       21  1 4 "
"  1   46    1  53   56     14  1  6 "
"  5 3    51 26    5  6 31 2         "
" 25      5   4    1    4 1  6    13 "
"   31  3  4  2    3    6 4 2    5   "
"2 14         1 6     25   4  66 5   "
"  1  4   1 3 25    1 35        4 2 5"
"     52   1      6 5 1  4 1     3 4 "
"  364        31  6    3   42  2 6   "
"  6  1    2  4    56       35  3  6 "
"5      2  1  123         4  3     24"
"   35  3  2 6       2 1  2  6 5  4  "
"    2    6 41  3   3   56 5     3  6"
"2 6     4  2 5 4    3       4 3  5 6"
" 3  6    31 6    4    5  61    2    "
"4 2     34   6  3   5      2 3     6"
"   16  1  4 4    2 6 4  3       5   "
"    3    4 2 1 5       14 2     5  4"
"  4  56      1    2   5    3 4  3  2"
" 3   15     2       45      36 6  4 "
"32     6   3    4   16     5 2    1 "
"  2 4    26 4    5 3 4  65      1   "
"    21 1  5 5  63  6    1      34   "
"45     2  4   2   5 32     63      1"
" 2      6 1    1 4   6  34     1   3"
"   16  1  3 65    2   1  63 5       "
"     11  46  3 5       626     4  2 "
" 34  1       2    6   3     45  5 2 "
"  6  55 1      16   32          5 31"
"  62  2 4    3    4   1     3 5  4  "
"21     6  2   3   1  5      14     3"
"    4   6     21   4  6 6    32 3   "
"    21  1 6  5   24         466     "
"  6   32 5  4    3    5  1  3     21"
"3    2   1   4    1   3   16  6 5   "
"  2 1    23   6   4  1      2  5 3  "
" 5   1  3 2 5     1   5  6   2    64"
"1 2 6      23  2     3    1  44 5   "
" 3 5       1     26   3 2 4     12  "
"26    5    6     414 3           52 "
"5 3    6    2  1      4     15  1  6"
"  2 1    23       4  1 254      645 "
"5 61   2          1  6 3   34   3 6 "
"   51  5  3   6  1  1  3    2 4     "
"     15    2 3 5   4 2  3   6 4 6   "
"5     3    6  3 4   6 1    2 1 2   4"
"    6     52  42  2 16  31     4   3"
"    36   5  12   5 4   16 2     46  "
"4   5 15      16    42       32    6"
"     4   25  6     516    5 1 1 3   "
" 16    3          4  3 1   25  2  1 "
"    25  5 6  1 6 4      3 6   4     "
" 53     1   5  4  1  25  6   2    64"
"   1 313  6   35        26     4  2 "
" 2 4    3   1    2         64  6  5 "
"46     1   4        35      2     13"
" 6  2 24            15     1 5    4 "
"5 1    2            45   6  3     26"
"     4   21         25  4    636    "
"  23  3 5    1   65       1 2     4 "
"  3  66 2   3      1 4    1  2    5 "
"    4    2 56      5   4  61  1 2   "
"    411   3  1 5    5   2 6   3    6"
"    1     42 5      25  4    636    "
"     3    51  2    5 2  3   6 4 6   "
"     5  3 1     3  3 2  4 6     1 4 "
"   32  3  5  4      1  465  4    6  "
"2 3  5     353 2          1  44 5   "
"  1 2    16 3  6 5        6    35   "
" 3   665         45 42  1   4      5"
"   42  4  1       61   5 5      31  "
" 5 3   1  54  31 5      24     3   2"
"     26   3  6     2 1 65 4   2    4"
"5      6 5 14   3   2    4   2   4 3"
"   5 6    1   6  4   3  42     1  4 "
"    6    2 4 2   3   1  5 3   6   3 "
"  43  3 2        1 5  2    2      56"
"  2 1    23 4     23   4      1 364 "
"2 1     4 2    3   1   4     65  1  "
" 3  4 1       5   3  4   6  3     26"
"3 4     1  3 2  1    5    2 64      "
"   3 1  3  252          15 4    4   "
"65    1    5  62   1  4 2        32 "
"    1    3 2  3  6  25   5  4 43    "
" 1  5     314       63   23 6       "
"64  1         5   1  2   3  6     23"
"  31 2          4  5   3  16  6 5   "
" 1  5 56      1  4   2   4  36      "
"       12 5 6       5  2   43  4  2 "
"   2      1 5   6  4   3  16  6 5   "
"   3 6       3  4   1  26  2  1 2   "
"  54   1     6  1 2        3 4  3  2"
"  54   6     5    1    6   24   2 3 "
" 1   42 4   1       32   5  4     65"
"  5  1   5 4 2  3 6      14   3     "
"4    1 5          1 3      6 3 6   2"
"  34  4 5             13  1 6  3 2  "
"3 2 5    3   6    12       54   5 2 "
"  2 1    23       64        4   51  "
"    6 1 24  65            3 4    31 "
" 1  4    13       5 2   2    4  6  2"
" 3    6  4  42   6        5 1     65"
"   1 3    5 6  32   3     1  44 5   "
"   3 1  3 2      525      1 4  6    "
" 42 1       3 4       5  1 6      41"
"  6  5 2      3      16    54   5  2"
"   6   1  5 1 2      1 25 3    6  3 "
" 4 2  3 2       511 5    1 6       4"
"3 6    4   3  35   52       26   1  "
"1 3    2 1      656      4  2    4 3"
" 46   2     3 5 1    53  1 6      41"
" 2 4      23 3  4      5  3    1 6 4"
"  6  3 4 6  3     1 4 2   15      31"
"6   5   4      1    2 3  3 6      23"
"    21  16   2  6  5    6    4   3  "
"  26   1         55  2   3   42 4   "
" 1 2  2 6      35   3 6      1 4 6  "
"   1       56   3 32 4   3  6 4 6   "
"   3 1  3 2 2    5    4  5 6  6 2   "
"5 2    1   2  13  3  1   4  6      4"
"     1   4  6 51  2    6 1   23 2   "
"  1  2   16 2 35  6   2         6 35"
" 6   23 2        42  1  1 43        "
"   5 4 54     3     1 3  3 6      23"
"5 2    1   2    1 1  3   63  1   4  "
"5 2    1   26   1 1  3     65      4"
" 45 2       6  4   1  3    24   2  3"
"46      1  4   43  1 5        1 5  3"
"   65   6  42   3     1 4      3 5  "
"  51      254   3 32     4         6"
"  5  223       41  1 6  5 3 4       "
"  5  2    1 3 62  2  6   1   35 3   "
" 6    2 3   3 5  4    3    15   1  6"
"     5   43  1 6 2  6   3 2    5   3"
"  3 2 21           5 63       3 4 6 "
" 4  2    4 563   4        3 6   1   "
"2  5 4  4     6   1   6  3 6      23"
"  4   63    2   6  4  2   15      31"
"36      1    3  2 1   6    54   5  2"
"   41  1   5  5  26     5 3    6  3 "
"   3 1  3 2 45  6 6    43 6    2    "
"         16 56     1 62     3 43    "
" 4   65      31       23   24   4   "
"    14  1      62 6      4 5   3  4 "
"    61  6      45  3  2 2 5         "
"    1 21       54  6  3        436  "
"6 3      3  1  4    2        1 4 2  "
"   2    36       614   25 4        5"
"  4     5 1 6      4  62 3       2 3"
"  6      16 1  23 3 2        45   1 "
" 5       4 54   2  6      5 3 1     "
"   5   3       6 2 1 4       64 6   "
"6   3  2      2  6  5  4 1       21 "
"    65 6      53    41   5    1   2 "
"    51  5   2    464     2       32 "
"6  3  3   5  4 6 1         1  1 2   "
"     33 2    4  1 2  6    1       4 "
"1 3      3   2      6  56   4  5  2 "
"5 2        54  6  3  1   6        3 "
"    5 5 6    3 6   5 4  21         1"
"  2 4 4     2    3 6 5    5      1 5"
" 1 3  6    1  4   1   42   25  5    "
"     44 3   63 5      6   2 3  5 1  "
"3 4        4 2 1     5   63  1    6 "
" 5       4 52   6 3      3 2    1  6"
"1 3      3       2 6   5   5   45 6 "
"35         5  41     6   62 4      6"
"   51  1      3  6 42   4  3      5 "
"    1 3    2 3  6  1 2  5 4        5"
"     121      32   265   4  6      2"
"  1 5  3    4   363    1 2       32 "
" 4   5  2    642    3 4  3       13 "
"3 4        4 4 1 2 2 4    5       6 "
"65         6  4     21 44   3      2"
" 2  56      2 6 1   5      3 4  4   "
"    6 56      4  1 2 4  3    2     5"
"6      31       5 42      6 1     65"
"5    44 3   6        21    4      65"
"   3 1  1  2   2  5      4  6 6 3   "
"  4 53     2    1 3       15  6 5   "
"2    5 5     61      1     24   4 3 "
"6   3 4  5       6  2    1  2    61 "
"63    4    6   15   3      4 2    3 "
"1      56   24       1    3 5     31"
"    61   4   4       32   1  54 5   "
"42   6  5        46      3  4    13 "
"3 5     1 5  4       14 2  53      2"
"   1   14  65 6       6  3   4   2 3"
" 5   2   4 5    632 6   4 5    1    "
" 4    1 5  2  4      4 3  3 5     31"
"5 2   1    5 46      6      3    54 "
"   5      432 6      26  5  3 43    "
" 3   6    3 6  1      4 1 2     52  "
"5    4  46   4  6   2    3  4    13 "
"5 2   1    5   6    3  134 1      4 "
"3    5  5    5 6    4    1  6    21 "
"    65 6  3  4 5   51   6 2        2"
"5 2   1    5   6   5   34   31      "
"  6 2    16   3  25     4       25  "
" 2   3    521      4 3         36  4"
"    4    12 3      6 5  1 3     23  "
"5 2   1    5 6   4  1       5     36"
"  5  2    4  6   5   6  1    33 2   "
"    5  4   23  1       4  2 6 1 6   "
" 1  6 56    4  5     4 26   5      3"
" 3 2  2 5   3  6  6 1    2  4    32 "
" 3   565         2  26  4   3     1 "
"    14  1 6 4  2    3     2    6   5"
"    41  1    5 6      5 2 6   3    2"
"    14  1 6 4  2   2      3    6  2 "
"5    44 3    6 3      1     6   2  3"
" 36     1    4    2   34   25  5  1 "
"  63 4  3    6 52       1 2     52  "
" 635            6    34 2 4     14  "
"4  3  3 2          4 5 35  1      6 "
"  42  3 2       51  3  4         46 "
" 65        62     5   4   3 5     31"
" 2   3    526 1   3    4       34   "
"3 2     52   3   11    5   56       "
"6 4   1   6   51     2      3  3   4"
"6  15      6     443   13 6     16  "
"2  63      5  1  6       6 4  34    "
" 6 4  54            2  6 2  3    16 "
"   42  2  1  6    1    6  3   24 5  "
" 4    2 6   4  2   6     5  4     51"
"  4 63         24  4 3  6 1     3  1"
" 1  26   4    426       56    2   5 "
"2 1     4 1 4      5 43           56"
" 61 3    6   3    4        25  5  1 "
"  2   15   36   3    6      45 4  1 "
" 2   3    523     4    1       31 6 "
"  3  1   2 34     6    5   6   1    "
"4       31   6   45  3     43  3  2 "
" 1  6 56    1  4    2    2  313     "
"2 14   4      56   2   5 1  6    21 "
"    61  6 4  5   4 3    1 2 5      2"
"   1  41  5   6   5  2     43  3  2 "
"      3  4 1    6 2    51 3     23  "
"2  1 35     4   6     4 1 2     52  "
"51 4     3    62    2    3  4    13 "
" 1  4 34    2  5    32            51"
"1   42      6  5     6 423     1   3"
"  1  6   2 1 2    5  3    5   64 1  "
"   34     5   1  5 6  2 2 3   6  2  "
"  3 56      3  2      6   1  54 5   "
"        1 35  2    6 2  3   4 4 6   "
" 26         3   1 6  3    5  2   1 5"
"     6   4 32      5  2 1 5     45  "
"3   1   5     6    1   4   24   4 3 "
"6    33 2     14   3 1    3 25      "
"6  5    5 4      6 36  51 3     23  "
"16    4        3    42 5 2  3     26"
"3 4     1  454 2     5 64   63      "
"3 6     4  65      4 5      24    1 "
"      41 2    652   5    3   2   4 3"
"1 2     62         4   3   6      45"
"1    6  6  4 1 2        5 3   6   5 "
"64      1   3   6         5  2   1 5"
"3 6     4  66      2 5    2 4     1 "
"35     1   5  64  1        6 2    3 "
" 3  5     31 5 3  6  4    2 43 4    "
"  5 4 6       4    6   4  3 2    53 "
"1 2     62     4   4   3     53   6 "
"  63 5         6 1 6   43 1     51  "
" 41   2     6    14   6  2  4    32 "
"4  2  2 6     2  5 5   1     2   53 "
" 3   4   1 32       6 2  1 6  5     "
" 2   3    52  1   4  1      6  56  1"
" 5   4   1 5  6   3   2   2    3 4  "
"1  2       4     2 4  3   15  6 5   "
"  5 4 1 4    2 6       33    5   2  "
" 3   565       4     2 6 1  344     "
"   3 1  1  25 2 4         42   6    "
" 4    2 3   6 5  2        4 5    14 "
"   6 5 5   4       43 1  1    4  2  "
"46     1   6        35 1    1    32 "
" 6  4 24     5 4    156  1  5      4"
"6 4   1   6    52       5  2 3 13   "
"3    2    4  45          1  6    21 "
"  4  1   5 42 3          62  31    2"
"6    33 2            1 44   51  56  "
"       21      5  56   4   43  3  2 "
"  1 64       2 5 6  54  1    33 2   "
"46     1   65  2    15 3      1   34"
"1 3     53       6 6  1      5   26 "
" 4 2   1  4  6 1  2       6 1     65"
"          36  56   1 52 4    22 1   "
"   53 3    6 1  6    1    6  24 2   "
"5 2   1    5 4  1    6      2    4 3"
"    61  6 4 45 1   3   52 3         "
"     4   53 6   1  3      6  24 2   "
"   6 5 5   4    5 3  1  53     2   1"
" 3  5     314    6  6  4 25         "
" 6 3    1    3  6    2    5  2   1 5"
"6    33 2          2 41     65   2  "
"    21  26      6  15      4  43    "
"4    2    5    43   3   6 1    3   1"
"35      1  5 4       64   6  3   1  "
"    42 4 5       65 6   1 3    2 3  "
"  3  565         1 42   5    2   6  "
"35      1  5 64        21    4   51 "
"    6    5 4  14   5  3  6   24 2   "
" 4 6      24  1   3   6  1 5  6 5   "
"1 2    6 2    4 6  36  1         6 5"
"     4   56  134      1  6   24 2   "
"   32  2   5  2 3  13  4  6    5    "
"   5  2 3     6   4    1 4 2      64"
"  1 6 56     4 6     1 4  32      1 "
"  3   2      6  1   456  4 6      41"
"   3      6 1    445 2   4   22 1   "
"      4   611     5 6       54  52  "
"  5    1 23  5    1    4 6 1      56"
"  5 4 43       6  2  5       1 51   "
"  3 4    1 352     4   5   3  4   6 "
" 1 6  2 6      3   35 1     6   2  4"
"  3  565     3   4 423      4     1 "
"63      4  6 5 1  1  5    3  1    2 "
