"    6   13   4    56 4      5      2"
"   41         3  4 5    2  6    1 3 "
"5   4  6   2  1 5    3  41          "
"1   6   62     5 2  5  643          "
"      3 6    3 6   52  34  1      4 "
"6  5  2   3 46   3 2   4    45      "
"      6 1   4  1 31    2 5 3    42  "
"4  3    5  6 1   425  1          4 2"
"         1 446  2  2   1  43  6    5"
" 1  5 3    4     64  2        13    "
"6   3  4   2   2   3 1 61 5         "
"   6    5  2 2    31 4      64      "
" 4    12    3    4 6 1      5    2 6"
"    5    1 3 14  2     524     3    "
"21     6        3  51 2     65   3  "
"5 3     4      1  4    3    6 1  4 5"
"    14    3  5     1 4 2 36   1     "
" 6    5 1     4 5   5  3    4    31 "
"   1      63  6  4 2   6  4   2 3   "
"5     1 4   2  5     2 6    6    1 2"
"     6   3 4 5     6 2 554      1   "
" 15   6      5     2 34      2   4 1"
"53     6       6 1 5   4    63   4  "
"5      31     2  43 5        3   4 1"
"4     32       4 62    16   43   6  "
" 2  4 4 6 2  3   51         52     4"
"   63      1 6  4 5  2  13     2    "
"     1   2 35       61  1 35 2 2    "
"46     1    5  3    42      1    6 3"
"     5   42   3 6  1  4 2 1   5     "
"   6 5     4 2  6  3 1    4   35    "
"    14    6   2  35  4   1    2 6   "
"   3      26  2  1 4   2  1   4 6   "
" 6    34      3 1 2   5    6      45"
" 3    21      2 5 3 1 6    5     62 "
"     5   3 6   5   246  2     4 3   "
" 6  5  15     6     14 2   54     2 "
"    6 6  2 53  6   5 3 11 3     2   "
"35    4          2   5 1 3 12  4    "
"63    4          1  54     12      3"
"3     1 4    4 2    1  3   4 6    5 "
"2     56     1   3  64     5 2    3 "
"   42     3 6    4 1 5  13      2   "
"   3 4    2  6   5  41  2 3   6     "
"     6   14   56    3 2  5    43    "
"    65    3  14  6 5   3 2    1 5   "
" 2 4    1 2  63       5      2   53 "
"   6 5    4  43        6 2    5  1  "
"   32      5 51       3 4  2   6    "
"  1 2      4   3 65      3    2 4   "
"4    2   5     16   3   2 4    1    "
"  1    4 3      6 2 5        5   14 "
"4  35 3      61       1    54      2"
"    2 6 3  4   45   5   1 2    3    "
"   61      51 2      15   3   6   4 "
"   16      326       63  5  1   4   "
"   6  2   4   451 3 1   1 2    3    "
"     5  46     2 32 1    1    4 6   "
"   1   4  3 65       26   5   43    "
"  3  5 1       4 26 4      5 3    2 "
"   4 6    3    2 352     6   41   6 "
"    1    5 4    23  6  15 4    1    "
"2 4    1      1 6  35       42   1  "
"  2  4    1    5 665     3    2 4   "
"   24 52     1  6   3        4   13 "
"2    64  3      5   21  1 5    4    "
"   42      3 4  6 2       16   3   5"
" 31      3 2 4   6  5       2    4 3"
"   6 5    4   1    6   325       5 4"
"  3    6 3    5 2 6 4        1   54 "
"5  2    4  6 15    3  1    6      23"
"3 6       6   521   4        1   54 "
"     6   31  1  3 4        56 25    "
"   32      5  1  4 2  3     6 5     "
"  53  3   5    26 6   4  3    4 6   "
"     6  1 2    4  1    55 4    2    "
"2 4    1      52    3 4    56      3"
"     4   23 3  1   2   61 2    5    "
"     3   54   4 6 2 1    1      6  5"
"  1   52     6   4 3 6 2    4    2 3"
"   4      613 2 5 6   2 5 3    6    "
"   63       2 3  5  1  2 1    4 5   "
"41            6 2   361      2   53 "
"4 3    6      5 3  2  54   3      26"
"   5      325   4  3 25 3 4    6    "
"   2 6    3  42  5  3  2 1    4 5   "
"   32      5 1  5  2  41 43   2     "
"   51      3 3  5  61     52  6   4 "
"     4   63   5    4  1 62   1   3  "
"5 6    4    2    4   1 5    1   32  "
"  2  3 1       5 45  6  2 3    6    "
"5 1    6      62  3 4 6    45      1"
" 24   5      6 54   3 6      6   21 "
" 4    5 2   62   43  6     3 1    5 "
"   5      13 4 6   52  421      4   "
"    2    4 5 2  63 1   2 43   1     "
"     5   34 6   3   5 61 62   4     "
" 3 5  5       2 4  4  6    3      26"
"4 5    1    3  2  6    1       3 54 "
"3 4    1    1    2  2  3 4 5      6 "
"  3   65     4 3  3    2  1 6      4"
"    1    2 32    6  61 236      5   "
"     5   62  1 56   6 3 3      42   "
" 5    4 3   1 5  62  1      4    6 2"
"  3   65         5 2 6  4         31"
"6        1 5   4    3 2 2 4    1    "
"    43   5   4    3   6    2  15    "
"   23      6 1    2   5    3   46   "
"     6 42    3    5   1    4      65"
"1    25  6    1   3 5      3 4    2 "
"  1 2   63   1   226   5    4    2 3"
"15      2   5  1       4 3        62"
" 6      43 63   1   2        4   53 "
"   6   65 3   14  4    2 1    3 2   "
"52      3     6  2 5 1  1   3    4  "
"  4   21     6 15  5         4  6 3 "
"  4 6  1     3 5  5    1    5    4 2"
"    56   2  5  3    6  1 1    2 3   "
"3 4    2      3  5   1   6 2      6 "
"5 1 2    3     1    6  56 4    2    "
"1     6   45     2 3 6  31      4   "
" 3      1  2  6   4   2    5      31"
"2   151          6 2 4    3   51    "
"2 4 6         3 5  1 6     24      3"
" 16        1 3    6  5 4    4    2 3"
"  42  1    5   1 6     46 5    3    "
" 3   52   4  6  5   416 64      3   "
" 2  5 6  3  2 4     1        1   54 "
"    21   6  5 1     6    5   24   3 "
"    6    1 424     3     1   35    1"
"  2  4  5 2     5    43 2 3    6    "
"   61      5 45 6       5  2    14  "
"    25   6   14 6   2    6 2 4  5   "
" 2      65  4 3 5     3      1   26 "
"2 1    43      35   2      5      13"
" 63   21       65  2       5   5  16"
"    3    2 6  1      3 13 2    56   "
"6 3    41   3        5 2     4   16 "
" 45   2        3  6 1      5 3    24"
"65    4 3     4      1 2     5   36 "
"35     41    6   3   5 2   6 4    3 "
"   36      5   54   62  2 4    13   "
"    6    2 14   3    52 3 4    16   "
"     1   32 4  6  6    331     64   "
"   6 4  4 3 2    15  4  4 2    65   "
" 6      1  2 4 2  5         16   4 5"
"    15   62  6 3    2    4    5    4"
"    54   62   6 12 2     15   4     "
"    3    2 624   1   4  4 1   65    "
"    2    4 1  4  3   2 45 3    61   "
"  2   15     4   63  5      45   16 "
"65    4 3   1    5 3 6      2    1 4"
"   16     24 4  5 23      4   56    "
"    32   16   2 5 3 4    4    5 6   "
"   23     561      6 5      2  43   "
"  3 21       4 6    5  353    2 4   "
" 63   21      15  6   3       1   24"
" 41   56      4 1   6 2    15      3"
"    35   6    1  2  4  3 43   51    "
"     1   53  1 3    32  1 5    42   "
"     1   62 3   6    13 2 1   65    "
"    12   5 4  3  64 5   6 2    3    "
"65    4 1      4 13    2   3 6    1 "
"65    4 1      4 13    2   3 6    2 "
"   56     3121     4   3 62 1 1     "
" 2    3 4     2 316         65   14 "
"5      62    3 5 425        45   16 "
" 34   6 2    4   3 2   1    36   5  "
"    6    3 441 6       11 2   35    "
"   5      43  1  4  6  231     64   "
" 45   3 2      4   561      1    2 6"
"   4 1    564   6  2      5   16   5"
"     61   2  1 3      4 5 3   26    "
"2 1    43   1      5 21      54   3 "
"    65 5      23      4  65   43    "
"  4  6 2    3 5 6      5   5 3    24"
"3 4    5        4  325      35   12 "
"4 2    51   2     1  3 2  4 6    5 4"
"    54   26  2   5  1   3 4  2      "
"   43   1       2 6  5   56   1 3   "
"  6  5    6  2 1   3   2 12   4 5   "
"5 4   32      64       6    3  1   2"
" 65   21         53  6   2        21"
"    26   4 56   4  2   335      1   "
" 26   4 5            36 5  1  2    4"
"63    5 4        2   5 13  1 6 6 3  "
"    65   34   1  4 5    23       2  "
"5  36    4     2  3   4  13   6 5   "
"    65   34   1  2 3    56        5 "
"    6    4 51    3  32  31     64   "
"12     35   3  2    1  4    6    1 5"
"   6 5    43 4   2  1 3 5      36   "
" 43       3 5  6   1       34     21"
"      26   1  5 1  4        26   4 3"
"6   1   4  6         35 26    4 5   "
"  63      12       3 26 2 4    13   "
"   6  3   4  3 15   5 2 5 3   26    "
" 1  544      3   626 5     43     65"
"    12   5 43 14         13 5   5   "
"    2   41   2 3 6  3   1 2   35    "
"2 6    45   5   6  2 35   2 1    4  "
" 3 16   1    5 2   24  6    21   65 "
"   4  2   3  6 5 1      4 6    25   "
" 64   12       6    25 3    3    1 6"
"   42  4    6      2  1   35  5    3"
" 3 5  4    3 6  5    6  2 1       1 "
"  23    3  21   6    1      45 5    "
"    3  3 6  1    5 5 2  5 4        4"
"    23 3    6  1  1      6 5    5 4 "
"  2  34   5  1 3 5  61  6 5        6"
" 3   1   5  1 32    2       64  6   "
"   4 5 4   2  2  3 5  6   6   1     "
"   6      1  6   2 2 5  3 2     5  3"
"  4   1     3    6 5  1    2 5 2   3"
"   6       3  21    6 2 42     1  4 "
"     4  536   62      1 5 3   6   3 "
"   23  2  6     1 5    33 4    6    "
"65    1    52       14     14      6"
"65    1    5  4  15 14      2    3  "
"4 2     54      3  3   1  32  6   5 "
"12     5 1      4   4  3 4 2  6   5 "
"  2  1   2 35      6      3 5 1   3 "
"5 1     6    5 2  16 4     54   5 2 "
"    61  14      5  3      62   1   6"
"3 1    4        6  52    1   4   13 "
" 12   3      5  4     16 2 4      32"
"23      4  2 56    4 6      3    1 4"
"     2   45   562  62    5  1 1 3   "
"  3 2 21     5 3    6 1      44  6  "
"     5   13 5    3  24   1   44 6   "
"43      5     1 6 2  5   1   4   13 "
"4 5    1 5  1 2  55  3 1        12 6"
"     12  6  3 4 5 6       3  4   31 "
"    6  5   1  3 4   41   4 3      24"
"  6   5    63   4  2 5   1 3      21"
"  3   46         25   6    1 3  1 5 "
"     26  4  34  5 1      1 3      21"
"3 6    4   3   1    25  4    1 6   5"
"   42  4   362 1      5 36      1   "
"  1 5 56     2   4   1  6 431       "
"     44 2      5 6 3    5  1   1  6 "
" 1 6    6  1   5  53         22 4   "
"     565     2   6  63    14      1 "
"1  5      1 2   3   6  2   3 4  4   "
"6 3      3   6   4  2  15  4  2  1  "
" 1 5      1 6    5 5 3       22 4   "
"1   4   2  1 6     2   6  3      53 "
"46         6  16   3 1 5        52 3"
" 1    5 4      6 5  5  44    22 1   "
"         51 6 43     2   5  3 43    "
"35    4    3 2    1  4    1 2    6 1"
"   64      5    6 32  1 2 4     14  "
"65    1    6     2   4   1  24 6 5  "
"  3 1    3 23  2      6   1  54 5   "
"   3 1  1  25  43  6     25         "
"3      6    2    4  1  2  4 1    54 "
" 34        3  61  1      5  4    25 "
"  4  1   5 4 2 3  3  2   1      6   "
"   6 5    1    24   3    1 5  6 5   "
"13      43      2  6   3  5 4    5  "
" 6 12        41    2  5    54   4  2"
" 5  4 1 4   4 65     42   536       "
"     36   2  2 3    41  45      1  5"
"    3    2 6 2 6  1     5 3    6  5 "
" 3   11 4    2 3  6        25      4"
"  4  332    6  5   1  3     6    4 2"
"3 5    1  5   24       26  1   4  6 "
"3 4    1   4  52     56 2  4      1 "
"24      6    2  6   432  1   3   51 "
"  6  2   16 3    5    4   1   52    "
"    4    1 31  53  5    26      4 6 "
"1    2   6   6 32   4    1   54 5   "
" 5   66   4   2      23      14 5   "
"4   3   24       6 56   1 3      2  "
"   3  5 1        226    3  4    4 5 "
"  3   6   3   1 2  2 5  1 5      4  "
"     6 1  4  62 5   5    2       4 3"
"   6 5 4            3 142  4   1   6"
"     54 3   51 6   3         1  5 2 "
"    35   6   23       2   2  14 5   "
"63     2   1   4    3  2 56 1       "
"1   5  3    4  2       63 4   6  1  "
"  1  6   2 36       5 62 4   1    3 "
"   6   2  1 4 2           5 6    14 "
"  2  4   5      1 6  3  5    32 4   "
"  6 4  5    2   31         3 4  2  6"
" 4  1 56     1 4  6      3 24       "
"3 6     5  4 5  2  6 5   34  1      "
"5 3  2      6    1 3      2  3   1 5"
"2    4    5 1  6   3    5    13 2   "
"  54  3 2    2      4  1     6   51 "
"   6 5 4   3    5   14   3    2  3 4"
"     3   51  4      64   5  2 61    "
"   5    1  43   6  1 2    6 5 1 3   "
" 4  1 56     542    6 4    15      3"
"    2  4   1 253    6 5 26     5  4 "
" 2   365    2       14     1 5    2 "
"   3      626      1  5 5    42 1   "
"2 4     3 1 3      2   5    61     3"
"    4   41 2         5 41 2     5 3 "
"46      31   4   6   5         2  51"
"1        1 5  34    4 3  2   6    2 "
"    2   3  4     63  2  1 5     415 "
"  1  6 3             64 2 4     321 "
"   32 32   5    3    51 21      4   "
"63    5   34         5 116  5      6"
"2 1     3 42 3      45            15"
" 12  3   12    65  4  3  63  2   3  "
"   32 23   5  4 6  1 4  1    4  5   "
" 4 32 3 2      5       41   5   6  1"
"6 2       6   3  4 4 1  3 1      51 "
"  5  44   3    2   62       151 3   "
"   5      34   45 25  1  12     3   "
"     3   5 214     3   4  1   42    "
" 34     1    4   1   2 5  6 2    1  "
"   25      4   5  56 1  1     23    "
"6     32     5 6  4    1   4 3    2 "
"    61    4 25   3 4   64       2 3 "
"     5 3  6    1 2  4   1      46   "
"    23   5   51       3 2    4 6    "
"4      32      4    5   6   1   3  2"
"  43   6    25         1    2    6 4"
"    61   3  53        2   1  6 4    "
"   52      6    1  46   2  3    5   "
"    15   3   3   642    3      15   "
"   4      1531   2    41  6    2  5 "
"    1   62   54    2 53  62   4     "
"  2   61    24       4 5    3 1  6  "
"    3 4  6   2   55    1  4   21    "
"     24  5    6 3  1  6  34   1     "
" 64   1      3 4       6   2 15     "
" 2   3  34   6  4 1        61      2"
"6 4      1  5       3  2    34   6  "
" 32   5          6  13  4        25 "
"  6  45      3 1 2 2        4    3 1"
"3   2      1   6   645   35   4     "
"   41 1     62  3     5 53      6   "
"   4      15 2     1  324      3   1"
"   3  4    1     661   454      2   "
"   4      31  6    1  25 3  1   2   "
"    153        2    4  61      46   "
" 6      1 5 2      4   5    24   1  "
"     2   14 2   5 1  3  53      6   "
"   4      51  16  5    2  4   21    "
"    12   6   43    1  5 4      5 2  "
"1 3    6      1 6   451     45   2  "
"3      62     3  44 1  2    61   2  "
"4      35     31   145     3 6    2 "
"1      65    24 6  1  4    2 3      "
" 3  1 5  6   4  6   2      4      31"
"   41      35   3  3  24 61   2     "
"3      4 6    1 42  4        1   56 "
" 53   1     46   1 3 6      62   5  "
"   13      5 5 26   4 5  16   3     "
" 54   2      2 1   63 2    64      3"
" 2    4 5     124 3 2 1      1   56 "
"     6  4 3   21   5 2   15   4     "
" 53   1       1  4 4   35  6      2 "
"     5   13 5   4  6 5   1   2  3   "
"  2 6  1     3 5  5    1   2 4    5 "
"   16      4  541  1  5 56      3   "
" 34   1      15  2  65     2 6    4 "
"6 5    1       2  1 2  4   5 3    6 "
" 13        65   2   4      1      45"
"     63 2     4    5  1     45   2  "
"    34   2   3  5 4   1   5   16    "
"   4      31 1  2   3 5  6   24     "
" 4    3 2    5 3  6    2          41"
"3      62     6  14  2   1  3      5"
"   4      15     353   2  4    6 2  "
"   1    4  3  2  4 3 6 21      46   "
"64      1    5 1  2   4     6    5 2"
" 64   1      5   3 2 6     2      56"
"1 5    2      3 1  6 5     2      35"
"    23   5   6  5   1  432  4       "
"    25  5        6 312  1      46   "
"   4      31 2  1  153    2 5  3   4"
"45      1   5  1 23        6   4  5 "
" 64   1     4  5 3 5 6          14 5"
"     63  1    362  2  4 5      34   "
" 35   1 4     2      54   12 4    1 "
"    31   6  2        34  12   5 6   "
" 1  2 4    16        6 5 41   56    "
"14     36   4        51  2 6      3 "
"    4    2 1 5       63  15   4 2   "
"   42     63     215     6    5 4   "
"    41   6     1 2  6    35   46    "
"5 4   32         1  32  4        65 "
" 3    6 2     546 4        12     45"
" 31   46       6 36  1   2  6    5  "
"   4 3    1526     1  5  3    6 4   "
"36     12      1    5 2     4 4    3"
"    1    2 3 26 3    6  56     34   "
"    2   25 31   6    4  53    2 6   "
" 4    5 2     1 6 3  2     12     45"
"1 5    6      14    32     12     45"
"   4 6    1   45    5  35 3   24    "
"   1 6    3    41 2   5 52     36   "
"6 5   41       2    4  15         63"
"6 5   43    1    6  3  1   3      14"
"    61   42  2  5  5 2  4      65   "
"     6 64    5 2  3        3 5    14"
"   56     43 1  25  4   1      62   "
"   1 4    6 2    35    11 2    45   "
"   1 4    6 2    35  2  1 2    45   "
"4 1   25      42      3     21   56 "
"45    2 1     2  5   3      1 1  2 4"
"     2  1 5  4 3   1  6  34   1 6   "
"  4  2 1    5   3   6       53   2 4"
"   1 2    544  3    6        1 12   "
"    5  3   23  6 4 4     64   52    "
" 24   1 3    1  2  3 1     2 5    4 "
" 32   5       61   4  2    46     31"
"45     12     45    5 2     1    2 6"
"    5    1 3 6 2   2  1 53    2 6   "
"    121          4 6 5  5 4   21    "
"   41     262  3    6       4  41 3 "
"   1 2    4   35 6  5   5 1   32    "
"   4 2    5 2  3    6  11 2    45   "
" 32   1 4   4  6  2    1   1 3    5 "
"     316  2   213       53    2 6   "
"32     56            4 2 3 54 5    3"
"5    4 1     623           46     31"
"     4   31 6  45     3 2 3    16   "
" 5       5 2    3 3    4  6 1   16  "
"2    4 1   5  64    15       3 32   "
"  4 6 5    4 5      6  1 3       32 "
"4  2    1  5    6    1  54    2    4"
"5    343        6    1    45    1  4"
"2      36   65   1     4  3 4     13"
"4 2    5       3 63    2  12      15"
"2  6   64     2  33 5      2 1    5 "
"   5 3    4  3  2  24   3    5 15   "
"       1 3 64  2  6 14  54      2  4"
"3   2  12    2 53  362          346 "
"    6    5 3  3  4 24 5  15   4  1  "
"    31  1       5 6  2    3 6 46    "
" 63   4  6  2 6  1   3      4  241  "
" 3 6      341       2  561 24       "
"   4   5  1 3  6 22     53      6 3 "
"2  6   64     3     6 35 4 1       2"
" 36        64  6    24 55  1   2    "
" 6 3  4 3   2    3    6   5  2    15"
"  5 133     26        2    54   4  2"
"   6      231        4 5  6  223    "
" 2   66   3    4 5  5    12   3   2 "
"    14   2   4  3 53 1  3    1 15   "
"6 5    1   62      4 1     41      5"
"24      5       1  2 6    32      35"
"    2    1 55  4   3     62   4   6 "
"    14 1 5   35  1  1 2        26 5 "
"1   6  65   2  4   3       2 1    5 "
"     4   65 3      6 5    4  221    "
"    2    1 4 6      56 2 13   4    1"
"    3    1 52      1 25   3 4 46    "
" 5      1  3    2 14 5    63      62"
"   4   1      35 6   1   32        5"
"  31   1  5     6  6   4  2       35"
"  4  3 62            14   126      1"
"6 5    4   13      2 4    2 3    2 5"
"  5   2  3      4 6 1       1    6 2"
"2    5    6    3 1 4     3    1 5   "
"   64      3     235      1    6 4  "
"   54      2 1   4   6 3 54   2     "
" 5 6      2    31 3 4     1   56    "
"42      1      13 3 5    4  2      6"
"     3 2  4 6 5      16 43      1   "
" 5    4 1       36  2  4     5   41 "
"   4      363    12 5   4      36   "
"    2    6 1    532 3    6      14  "
"43      1    25      2 13  4       6"
"   4 1    6   4 2 3 6    3    4    5"
"  3   21     3  6565  1    6 3    2 "
"24      5      5 3  3  2     64   2 "
"   31      5 1   2 54     1 6 4     "
"  6 4 1     5  1    2  3   43      2"
"  6    1  3   2  3 4  5    5 6    4 "
" 3      62  5      1   5   42      1"
"   6 1    3 2      3  2   5  6 4    "
"   4 3    6  6  5   5 4 1      24   "
"      4   35 1 2   6   41 3    4    "
" 53   1      1  5  4  23    4    5 6"
"   45      2  4 6 3 61  42      1   "
"  3   12    5    2 4  65     4   32 "
" 54   1     4  2       3  1 6  2 5  "
" 2  5    1  3    6  6  5  4   23    "
" 5 1  4       3 6  4   5    3    6 2"
"  3   26    5    1  46    5  4    3 "
"2 4    3     2  5   6  4    3    6 2"
"4      32   3  2 5     6 1 6    35  "
"6  1  4     5 4  3  6      35      2"
"     3   12   14   5   24 2    3    "
"    1    3 2  6   1   4   25   3  2 "
"  1    6 2       543  6      4   32 "
"    4    3 1 4  5   5 1  21   6     "
"   1 2    4 2    55  6   32   6     "
"   5   4  1 6   3   52  3      64   "
" 46   1     6  54     6    12  2    "
"   5  1 4    6     31 2     6    3 2"
"  3   26         6  64 21        3 1"
"    5  4   6   2    13 531      2   "
" 63   4          43  5 6  1 5    2  "
"     1   32      66 1  5 4 5    2   "
"36      46    1        2 5 4  4   3 "
"3 6    1   6   4  24      1 3    5 1"
"  2 1    3 2 6        341 5    4 1  "
"  2 1 1  2  3   5  4   3 5  4    5 6"
"5    3 34   4  5     16  4  2   2  1"
"   2 3 3  5         5 121  4   46   "
"5 4    2  4  3    4  3 2  6 5      1"
" 3   65 6    2      523 4    5   1  "
" 5   3   52      44 31    2    1  6 "
" 4  1   5  4   6  5     4    2 12   "
"  4 5  6   46        2  4    3 35   "
"5    4  4 3   1      16   6  224    "
"  4 5    4 36         61 3 5  2 5   "
" 3  1 1 2      1 5 6 3        3  45 "
"   64      2  3     431 42      14  "
"1 3    6   32  56         4 1    4 5"
"   6    2 4 2    14   5   6 1    5 6"
" 6   3    4 3  21   2     1  554    "
"      2  16   35 6 2 3   5  3 3 4   "
"  612       3  4   4 3 26   4  54   "
"    3    1 5     22 53    2  164    "
"  5  3   2  1 6 2 5    1   43   2  6"
"   6 163  2   2 533           52    "
"5 3    1  35 6   4   1    6 4 2  6  "
" 36         3   26  2    25  3   51 "
" 42      4    1 5 6   3    561      "
"         5231      2   4  3 6 56 3  "
"      263      1    4  2  65 35     "
"  2 1   3  52  4  4   3       364   "
"      152    3 2  62   5  3 1      4"
"    1 4    6   5    3  2      641   "
" 2   35   2  5   1   6  432         "
"4    1 1 6      2   43        561   "
"    4  142    2 6 3              415"
"  5 31       4   2 6 5        136   "
"316           25   4   2   3 1    6 "
"    1  31  4 4  5 6  4           132"
"  5 3      1 6 2  2    4      316   "
"2   3    5       6 624  135         "
"54 1       4 6      3 1          362"
"  1    2  15    3 2  4        364   "
" 6   5 3  1       5  2 4      342   "
"   461      6   2   4 1  5      32  "
"      352    2   3 6 5    1       14"
"         321  3  21    6  56   4    "
" 3 4       2  56  3 6 1       561   "
"      263        1  24   5  3      6"
"       564  4   2   1 3    256      "
"       13 5 4   2  5 6           132"
"         514 2   63  2    5   14    "
"     45   3   56   1  2       354   "
"         514 2   63   4        514  "
"   35      4  12  6   1 534         "
" 2      64  51  4          623      "
"  4 6    2  4  1 55     632         "
"  5  3 2  1 4 62       6   352      "
"421           3   6  35  6   1    2 "
"513         2  4 6 6      2 5      3"
"    2 6    3  5    6 54 213         "
"         514     232  6  5      46  "
"     3   51445       4   2      3  1"
"531     4   1        15   3  2    6 "
"165   4        2 3 2      4 6      5"
"634     5      1 22      4   6    3 "
"   6 3  3    2  5 4  1  514     2   "
"   461    2   4  23      15   6   1 "
"  63   4 1    1 5 2          3   512"
"146   5      6  4  5 1      3   4  2"
"   145     6 1   23     56      46  "
"25   6  6   1       4 3    524    6 "
" 6   2   63  4  5   51  256   4     "
"2     341    3   1 6 4      25      "
"  3   14     5  616        536     4"
"524    3       6  3   2  1   5   41 "
"    2      6 3  5 4  1  642    5    "
"524    3      21  6   3     54      "
"6 5 1 3    6   4       2163     4   "
"6 3   25  3   2 1    5      6    451"
"   5   542    26  3         6    451"
"   156    2 3   6   42         51   "
"341    6    1    56  2    31      4 "
"       32   1   4  5 6       6   324"
"   145     64      1      35   6   2"
"     3   514 5    1      3   6  24  "
"    4   65     3  6    1312     5   "
"     414  2   13      5 635   2     "
"125   3          5 5 2    4  6    3 "
"531     4    4 3      1   5  2    6 "
"    3    6211    5  6          43 5 "
"     4   523      52      6 3  4  1 "
"431     2   3  4       3 6   5    2 "
"    3    6216  2    3    4      1 5 "
"     3 2  6      4  15  245   1     "
"   536    4 6    4  3     1    2  5 "
"23      4 3 1    5  6       5    143"
"   643     26   5  4      1    2   5"
"          13  2  4 6 5  245   1     "
" 3    6  4   51  6         154    2 "
"  1 6 3        2   42  6   425    1 "
"  5   234         1  3 4   5    2 6 "
"513    4    6  1 3 3     6   4    2 "
"524    3             25  4   63   1 "
"  6    2  1      55 3  1    4    153"
"    4   1  53      5 32 213     5   "
"   145     66  5   2  6  5      4  3"
"  6    1  3 2 4  1          2    516"
"     2   4512 3 6    2   5   6  1   "
"    5 2 5     1  6 4  3     6    325"
" 34         1   2  5   6    6    243"
"431     2   1  5    6  2    4      3"
"431     2   1  5       6 4        43"
"634     5        15  2    6 4      3"
"513    4    2  6       2  5  3    1 "
"165   4      4   3  62     5 6    1 "
"     4   523 4   61  3   2      5   "
"   5 11        6   4  3 514     2   "
"634     5        1 4 2    2 363     "
"2     341    326    6  2    41      "
"  6    1  5 4  2    3       2    516"
"        1 53 461      4 635   2     "
"     2   4513 1         2 35   56  3"
" 6   1  4        55 2      3 6   512"
"   564   3 1 21       1  4    6    3"
"          36 1 2  5    4245   6 1   "
"   54       1  2   3   63 4   621   "
"431   2 5      5 1        2 16   2 5"
"   64      1  32   6  5 421   3 6   "
"421   3 5       5  5 6    2 1      4"
" 2   35  2       44 6       1  1  3 "
" 5    1    6   4  6  3 5     4 2   3"
"4     3    2 4 5   3  4    1  5   6 "
"  3   1     4  6   6 4      2   5 3 "
"3       4   6  1   1 6    5 4     2 "
"   3    2 6  4     53 2   51    4   "
"  3     2  6 2     314    45      1 "
"  3     2  6 4  1  1 4     5       2"
"     2 4   5  2 5 6   2   3  61     "
"    4    1    6 3   3  61  2  5     "
"  31    5   6    22   6    3       4"
" 1   5    4 56 2       62  3    3   "
"3       23    54   4   2    6  1   5"
"   4   4   2 2 6  1   2 5   3   3   "
"  4  33      2 1    12  6    5 5    "
"3    6    2   3  46 4     5  3   2  "
"    3    6   1 5   5   2  4   2    1"
"6    5 1      54    4  6    2    3  "
"4       23   5   2  15      6  6   1"
"  3 6  1      2 3 3  42   42  1     "
"5    1  6    5 2 31  5    1   3    2"
"  26   5        262 3 4   42  1     "
"5  6   1       4 54 52    3   2    4"
"  3   1     6   54 4   6 5  6    2  "
"3       1 5  461            4  2   5"
"    2  1   53    1 6 4    5  6    4 "
"  21  3       1 4    21  5      46  "
"   3    5 1   1  66    5 2    4     "
" 3  4    6    5 34 4   51       2   "
"4      2    5  1    15       6 3  2 "
" 6    5  1  6   5   3  1   2   4   3"
"  1    3       6  6  21 5    4  2   "
"3  4   1 6       15       3  4  2  6"
" 6   2 3   41          5  54  3  2  "
"1    4  6  5 12        2 6  5  3  4 "
"  1      6    23   6 4  5    32    4"
"  54    23   1   35    4   1  6     "
"  4 2   3 1 3    24  5  5          6"
"  1  6  2  35  6   1 3       5 4    "
"5    1 1   5  4 3         36  2    3"
"  53      6  6  5   4   1  2  2    1"
"  3    5      25     2 14    6 6   4"
"3    2  2  3    5  1 6   6 4    4   "
"   4    4  1 2   6 6  2 5   3 3  5  "
" 1 6   6  5   24    4  2      5   1 "
"  6  33  6   2  4  45     1  2    5 "
"2   5  5   2     1  34    6    4 6  "
"1    5  5  4  21  3      6 5     4  "
"5  4     2   6      13    2 4  3  2 "
"  1 3  5   2         42 6  3  4   6 "
"5       4  12   6    3   6  2  5 4  "
"   4   6   22       31  5   4   1 3 "
"2   3   1 6   3 52     6 4    5     "
" 6 4   3   1  35    6 1     2  1   5"
" 5   33  1   4        142   6    2  "
"     4 1 3     2   23     51  1   4 "
"  14      1      665      43  2    4"
"5  4   1  5  4      2  4  1  66  3  "
"  3  12  3    5 24    3 4      6    "
"2  3    1 6      5 54        36   4 "
"3   4  5   2  1      1 6  3    2  5 "
" 1    5  3    1 26 6    1  2    5 4 "
"2   3 3    2 5 4   6       5       1"
"6       3   5    6     2 4  1   1 4 "
"  6   4        2  5  4   3  1   1 3 "
"  13         4 1   3  4 6   2 2    6"
"    2  4      3 6 6   3  5   2  1  5"
"  3    2  1 6    5     4 4  5   1 4 "
"  5 1  1  3      16    3 4  5   2   "
" 2      6 4 5    1     3 4  3   3 1 "
"    1  6    3  4  2  5   2  5   1 4 "
" 2  3   1 6 1  6  5  3    4      2  "
"   4    2    3   6 5   1  31    5 2 "
"    5  4   13  2  6      6   5 3  4 "
"     4  6    3 5  4    2  3 1  5  2 "
"5        2  4    31    6  13    4 5 "
"    3 1    4  2     56  5   4 2    1"
"  1    3  5 4    2     6 1  2   5 6 "
"4      1   2  5 3     6 2    6 4   3"
"  2 5  4       1  3  6    4 1  5  6 "
"6   5 4    3 4 1   6 3       2 5    "
"  1 2   3  4 1     3 5       2  4 6 "
"6    54   1   6     42  1   5      3"
" 2        1 3  6  5  4   5  4   1 6 "
" 6   54  3    4  3 1  5   2        6"
"    5  6 2  1   4   6  3 1 4    2 6 "
"4    1 6  5  324      6 3    6 4    "
"4    1 6  5   62    5    1  3      4"
"    4  4   6 3   5  23  3  1    1   "
" 6 5      1    3  53   24       2  4"
"3        3    1 2 4  1      5   5  6"
"    5   51  6     3   46     2 2 3  "
"     63  5   4  2   2 4 5  1    1   "
" 4   6  6   5  1   1 5  2       3  2"
"    5 3    2 1 6    61    4   2    4"
"  36   4     1  3  3   1  24      2 "
" 6    5    6  3 2  523  4    2    1 "
"     6 2 1   1  5 5   2   4   3     "
" 3 6  5        4 2 42  11    6  3   "
" 5   6    3  3 41   4   2       1 6 "
" 5 2      1   1 6 2         4  1 3  "
"     1  6 4 25 3  3   1   5 3 6     "
"     6 4  3  632       12    3  5   "
"     6 3 4   5    4   25  51  3     "
"5    3 1     645    1  2 3  1      6"
" 6   4  4   5       215     6  3   2"
"     5 3 1     5 61  4  4       2  1"
"5   6  2      2  1 5 4   3    1    5"
"2  5         3  4   4 3   1   5  6  "
"     1  23  5   6 6    5  64   3    "
"5    3 1     6 4    46  2   5       "
"    3    6   5   2 1 5  4       2  1"
"5       4  3 3 6   6   4   2      1 "
"5    3 1     354    6  53   2  6    "
" 4    6   2  236    6  4 5    3   4 "
"    2   3  65  6   6 5  4       2  1"
"     6 3 4  5    22   5   41        "
"5       4  3 1 6   6  1      4    2 "
" 4 6    3     6 522         4  1 3  "
"4    3  1    562      6 2    1   4  "
"  36  6      1  4 4   1   24      3 "
"    5   32   4   25   6     1   54  "
"4      3   23   5 5  3     6   6   4"
"  26      1  2  4 6    3    2   53  "
"     2  46   6 4   3   52   1   3   "
"  3  1 1  3 2        2 4 5  4 4  6  "
" 6   11       2 4  4      53  3    5"
" 4   3    6  62  5        1 2  2 1  "
"3  1   1   3 2      6 4   56      5 "
"     3 2  5  5   6  6 2 4   1   14  "
"4  3    2  4  5      1  2   6   4  3"
"   5  6    4 2     46 5 2   1   32  "
"5   1    4    1    2 3    6 3  3   2"
" 6   5    3   4  6    1   53  2    4"
" 4 1  6   5  21 4          2       3"
"4   2   31   5      6 5 1  4       2"
"  2  1 5  6      4 1  2   13  5    6"
"     12   5  65       3 6   2  2   4"
"  3  5 5  2    6  4    1  2    1  3 "
" 4   16   5   25   5 2  1   3   4   "
" 4 1    5  61   244          5 6 3  "
"  5 4 2  3    2    5   1  6    3 5  "
"61   4         4   5      2 3  6   1"
"  3 5    3   62       1   542       "
"      1 3  462        4         1 53"
" 3    6  2     52   4 6         541 "
"      2 61  54        1         326 "
"2  5 1           6 34         5 16  "
"4 32        5         16        532 "
"  42   1     6      3 5         532 "
" 5 3   4 6    5  32    6        15 2"
"  5   4      1  56  6  2       2 16 "
"6      1     2   5  4 12  542       "
"      3 1  4 2   1   3  1  56   5   "
"56   4        31   5   6 2        4 "
"4 23         5 2       43   1   6   "
" 3    4       12  6  5          5 16"
"  2 1   5  3  6   1  3  4 12        "
"   4      3 1  2   6   5      4 2  1"
" 6  51      5 4     3 1        3  62"
"  6   2    55  4   4 1        4 2  1"
"  5    1  4  341     43       6 2 1 "
"    4 3    6 4 5  1  2        4 2  1"
"6 4  3         3 4  56    6  52     "
"4 1  3       3 4 1  4     52  2   5 "
"  62  4     2    13    5        15 2"
"  53  4      1  6   3 1       5 16  "
"        153 1   2 36            541 "
"      43   2  24  6    5    1  1 3  "
" 6      12    456     2       35  4 "
"  5    4  6    6   1 5 23 21        "
" 4  31        3   2      5 6    1 4 "
" 2  4   41   3    6       5 24      "
"5   4    1   2      64  1 3  6      "
" 1 6    43  2   6 4   3         541 "
" 2 6    31  4    63    1  53 2      "
"  5        2  41   6  3 4 12        "
" 4  31       5    23 4  5  6    4 2 "
"        314 6 5  4    2         145 "
" 4  5 6         4  51  3       3  62"
" 4  31          6 25 3   6  5   3   "
"6 4  3        64   4 53   1  22     "
"4 1 2         51   1 3 2  6 4 5     "
"      5 4  36   4 1  5    1 2   6  4"
"  5 62      6  1   4      2 3  3   5"
"4       35  21   4    6         541 "
"1 4 2         65   1   36    15  4  "
"1 6 4        6 1 52          6  4 3 "
"      5 3 4  5 1 21     6 5 3       "
"      5 4 3   2    5 2 6      3 5 1 "
"      2 3  6  5    3 14   4  2    3 "
" 5    61  5  4       21    5 1    2 "
" 2    13  2    3 63          45   1 "
"4 1  3  3   1        52   6  5   3  "
" 4 6 3     4 6 2  3   6   1   5     "
"   2  42      53  6          1  15 2"
"2     43   2 6   5   4     3    3 1 "
"  1 46    1   5  3 4 1  2      6    "
" 3    4       26 11    5    5   541 "
"5       3    6 2 4  4  1    1  1 34 "
" 2    15   2   1    3  6   54       "
"     2  23 11       6 5  4    3     "
"6 5  2      1  5     32   4   5 1  4"
" 4    13  2  5    3   45    1   1 53"
"3     5 4  3 5 4       6   21 1     "
"3 61   1    4   6   2     34 2     3"
" 3    41   3     5  54  1   6    1  "
"     22  6  51 4      1   5   4 6 5 "
"4    2  2      6  63 5       5 5  36"
"  4   5 34      6      13 25      3 "
"1 6 4 4        5       2     66 3 1 "
"2  5   5    3       4  3    6  6  32"
"   1 5 1      6  3    6 5 12  2     "
"    3  32  5  65  5          4 4 3 2"
"3 51    1       3  3   6    5 4  2  "
"     2  23 1    2 6   1   5 3  4    "
"  1 46    1  541     4    3 2  6    "
"    5    6 2   2   4 51 1     4 2  1"
"    1   162 36           2      524 "
"    5 5 3  6         12 2 5  44     "
"  6 4  5    32               1  15 2"
"     44 5 2          3 61     64  1 "
"     3 3 4 6    6 2 6 3  5  4   1   "
"  1 46    1 45 1     4    362       "
"1 5   4  51     4      3  6   5 16  "
"  615     6 4      2     5      13  "
" 4  31    4 5       2    3  6   1   "
"1 6 4 4          5   2       66 3 1 "
"  1 3  5   1   2      4 1 3  6  6   "
"     5  54 1 2 3  3  2    4   1     "
"     2  23 15  6   6 5   1      3   "
"5       2  63      4 3      1   1 53"
"4 1 2   2            4 31 6 5    1  "
"1       4 3162              5   541 "
" 1   34        2  5 16       6 6  42"
" 6   12     4 5       5     1  3  62"
"   3      41   4 62     3 21    5   "
"  124       35       6      1   256 "
"     6 4 5 2   2  3 5    1 6 4      "
"   1 3    5    62 4      4    13   5"
"      6 1  2   53   6   2 5  41     "
"1 45  2     34         3    6    1 2"
"51   3 4    4    1   5   6       26 "
"16   54        6 2 26  1 1 2    4   "
"52           1      24 3    6   532 "
" 4    61  5   4 1   12   5   3    6 "
"4 1  3  2     5  2   4   2 16       "
"    5    6    3  1 1 2    1   2 6  4"
" 4    5       6  52   1      3  15 2"
"     6 2  545      1  6 4 3  1      "
"    3   162   53  6  2   5    4 6   "
"  4    35        1 5  4      6 2 3 4"
"6     5 4  3 6   1  34           52 "
"45   3        1 6 2       34 2     6"
"  3   1      5  6   2  4     6 4 3 2"
"     2  54 1  3 2 1  5  46          "
"    6   21  5  6 44         2   541 "
"       2 1 5 3 4      5   1   2 6  4"
"21    3      425     6      5  2 16 "
"    5  1 34 2       3     41   6 5  "
" 3 2    4   5  1    6        3  15 2"
"     2  54 14  5    3 2  6    1     "
"    15       3 6  2   4 4 12    3   "
"    3   162 6  2  5     1       4 6 "
"      1 34       62    33 21    5   "
"     3 1 5 4  2   5  4         3 1 6"
"  4    1   3  36    5        6 4 3 2"
"5     43   2 5 3   4 6      1    2 3"
"  4  51     5  3  6 3        3  15 2"
"    4   231  6    3  4          512 "
"  2   1       35 4 5 6       6 4 3 2"
"6       1 6 2  5   4     5  24     3"
"   5       32   1  4 6  6 1 4   2   "
" 1  52    6 2  5  3  6   2      4 1 "
"16  2  5      63    51     21      4"
" 4      2 5 4  6  3  1   5  14    6 "
" 42  5   4   1  6  3  4 4 12    3   "
"46   35       41    56 43 6  2      "
" 3 25     1  23     51   1 5      4 "
"4 6  5      2  1      3   2   5 1  4"
"     23   1   3 2  5 4  5     43   6"
"6       5   3  2 1 2 4      4  1  32"
"          512 35      1  6    35  4 "
"  4   2 3  6         3 1  2 144  2  "
"    4   231 5     1 6      4   6  3 "
"2    3 13   1       4 5     4  6  32"
"6     5 4  31  6      2    5    5 46"
"   4      1556 2        6 5 3 2     "
"    5  1 34  6      5  26 1         "
"42  1   1 2  46             6  1 34 "
"5       4 1  56 3            6 4 3 2"
"6 4  3  5        6   2  5   314     "
" 4    61  5    2       6  4 1 5    3"
"4 1 2   3        4   5   3   16   3 "
"61   4 5        1    3      6 26   5"
" 4    61  5    2       15    64   3 "
"     2  54 13      6       1 4 413  "
"6  1    2    4    3       1 62    5 "
"  12   2 6   5    4  3   3 52     6 "
"  5   3      2 6  4    1    6  1  23"
" 4 3       6 5   46    14 26    5   "
"31 4   6    1    26    3   3 4    5 "
"34 1   6    6    34    2 3  5    3 1"
"      6 3  25  1      4 2 5  3  6   "
"  1 46    5  3   5     461      2   "
"   56      21   5 3   4   3   5 16  "
"61   4 5    1  6  5  3     4 6 6  2 "
" 4    61  5 4  2       316  2      6"
" 6 5 4     3    5   12   3    4 6   "
" 4  2      3    1   16  5     3 2  4"
"       4  52    3   36  2 5  41     "
" 4   33       25  5  2      6  1 34 "
"15      6       4 3    6    1   256 "
"1 45  2      1   3 2       6      54"
" 6  4 3       3    1   2    6   532 "
"  1 46    5  3 4    45  2   1   6   "
"4 1  3  2    1 5   2 4   43  6      "
"    4 6    1 2 4   3 5  2     3 4 6 "
"     6  4 13 3    5  3   1      6  2"
" 6 4      1        132   4    13   5"
"    56   2   153          2   5 1  4"
"4       3 5 6    2     1    2   541 "
"     5  16   4     2  3 5 41    2   "
"51      4   6   3     2      3  15 2"
"61   4 5      16    53      2    4 6"
"  3 2    1   5   1 4   61 53    4   "
"5     43   2  56     21       2  4 1"
" 46   3             514     1  3  62"
"51   3 4     246     3   3 1 2      "
"     6  23 1 4    5  26 1 4    2    "
" 4    61  5    26       4  1 31     "
" 2 5 1     465    1      6  1      3"
"    4   231      16 1  4 5    2 3   "
"     2  3 4  6 1 5 5    2 5  3  6   "
"3      4    2  5  1 62    34 2     5"
"  35 6  6 4           351 53    4   "
" 1  5      6         64 5     3 2  4"
"    5  1 34   2   3         654  1  "
"  32   1 5   4    6         2   541 "
"6 4  3  5            26 4 1  5    4 "
"    5  1 34       3 2   4   6  6   5"
"61   4 5             36   5  24   1 "
"3  4 21               45  3   5 16  "
"    3 4 35       6    2 3 21    5   "
" 5   4  2 3     1    6  5     1 3  2"
"3   1   16   4    2         6   532 "
" 1 6    31  5       4        6 2 3 4"
"  4 61    2  6 2  1  6    1    3  5 "
"      64  1  3 5   2   32     3 4 6 "
"  3   5 6  2         26   4     23 6"
"     3 1 5 4      1 4    4   23 2  1"
"4    6 5  1          23  4    13   5"
"    3   162 52           6 1    4  3"
"  16   4   1      32      5 24    6 "
"    2     316  2 55      6    35  4 "
"    4   231 1      6    3       453 "
"   42  423    1   5         6  3 24 "
"  2 4   6  3   1       52     3 4 6 "
"   4      315     2   6 3 21    5   "
"    3   162  5   62  3    5    4  6 "
"     6 4 5 2  3 2    1    2  4 54   "
"    6   4  5 1     2  3   2   6 1  4"
"  3   6 51      46      5  6  3   52"
"16   54              32   4  1    6 "
"          56  1     236 2 5  41     "
"    3   416    6  25 3        1 2   "
" 54         46 3     2       3  15 2"
"6 4  33 5        5 534    26      2 "
" 5  4   45  2      3       16   145 "
