"1   6  3    4 5  36  2       6   1  "
"4    6 3  2  4 6    3 1       51    "
" 4    3    2 5  6 1  2      43      "
"4 3           65   2 6 1    5 2    4"
" 5 6       3  1  4   2  6     42    "
" 6    25      4  5 2 1       1   46 "
"     4   1 33   6  5   15      42   "
"    3    51   3 6   6  53  2   5    "
"63    4       4  1  3  5 2  1    6  "
"3  15      4  5 4    2  56    2     "
"    3     61 1   62     3 2     5   "
"   4 5     2 1     36 2 3  6    5   "
"35    4     2    6  41 2 4 5      6 "
"   6 5   4 3 1     4   61       63  "
"  4   21     65 2    3     4   4  1 "
"  4   63       14  1  3 2   6 3  5  "
"1       21    6 343   1      1   26 "
"3       6 4 2   6    15 5 3    6    "
"4 3    5       1   26 5    5    5  3"
" 2      15  64   2     4    1    4 5"
"    6   32     15  5 4  1 5    42   "
"    65   34  1  5   41    2   36    "
"     3    526   3   51  26     54   "
"1 2 3  4 2  3       4       46   35 "
"   42     634  23  2         6 61   "
"     1 2 43   52  6   5 26     54   "
"65    4 1    6   42  6      46     3"
"   1 5    23      35      4    63  1"
"   15     26  42   3   54 3   62    "
"   4 5    231  5   6  3   6    52   "
"  5   6 1 4 4 36           12     65"
"  2 1    23      14  6  3      65   "
"    5    1 2 3      16  31     4   3"
"   16  1  4 2    5 6    6       23  "
"    4    1 54  2    1 6 31     4   3"
"    65 5 3      14 1  5 1      25   "
"3  2       3     56 54   3   42 4   "
"    3   5  1 5 2  2  3   3  6 4 6   "
"  4  232    5  4     6         1  56"
"13      41      1  2   6 4  5      3"
"  1    5 3  4    31   4   2  1   26 "
"  6 2    16 3   15      2      31   "
" 5  21      3      2 34 5 6   2   5 "
"   4 6 6  3     25 1      1   62    "
"4 5    1 4  2    5    36    1 1  5  "
" 4 2  2 6   4  5  5 1  2   4       6"
" 4 3      24      2 3  63  6    6 5 "
"13      43   2   16   3   6 5      4"
"  4  2   34  6    1       52  2   1 "
"65      2   5 64      6  3   2   13 "
"    21 6    4       3 1  2   3 4  5 "
"  36   5     2  6 5    1   3 4  2   "
"   16  3  2 2      5    5    4  2 5 "
"1  46  6      61  5        5 3  2  4"
"    6 4  2 3      21  4 1 5     24  "
"   5    4 3 6  3      6   3 2 1 6   "
"45     3  2     6   53   2  5      1"
"  6    15   5  2      5  2   6   4 1"
"45     1   6        13 5 6  21      "
"1 3 2              46  3  2 6    53 "
" 3   4    52     114 2         26  3"
"6    4 5 1    6  5    1 42       4 3"
"  2 6   45  4   5      6 13      31 "
"  3  26  53  3  1    4    2    16   "
"  1  6   1     3  5 2  41      46   "
"   6  56  3   1 4    1   34   1     "
"2  1    63  54     6   4    23   4  "
"    12   4    3  1 2  6   51  3   5 "
" 2 5    6       1 13   5   14      2"
"       13  56   4   2      1      62"
" 64   1          3 5 6      3 6 3  2"
"   2      616 3  5  4 3       35  1 "
"    34   5 264         1 3    1 5   "
" 34   1 2     5  3   2  3  6      21"
"    24   16 3      4  5  2    6 1   "
"   1 2    54  1  36     45      2   "
" 6  2   5    4 3   13      46     31"
"52    4 1     5  4   1       32   6 "
"   15   1  46   3    2  2 3    16   "
"     5    26  36   6   21 2    46   "
"    2    6 5 2  1  5 4  53    2 6   "
"    6  1 3 5 45 3    5   62   45    "
"     66   1      5  24  5 4   21    "
"   1 2    542   4   3   35   1  4   "
"14     65   4  2      3   1 6      5"
"   2      53 2  6   51  54    2    4"
"6    2 25        3 342       6  65  "
"2    5 65    2  4  416      2    5  "
"3    6 62     1   5  3     41      5"
"3    6 62     6    314   2   3    1 "
" 3 6      31      25   43   2  1    "
"    16 6 5   3       4 2  3   64    "
"  13      15  2 3 1   26  3   5     "
"6   51      3 4  6   4    61  12    "
"   16   6  4 4  35  2    65   2     "
"45      14  3    2  4  3     46  2  "
"   4 2  2 1 53 1  4    6  4    1    "
" 3   5   23 2   1 6 45    5    2    "
"3  6   61     4 25 5       25      3"
"  6 3 5     6    1  1     4 6     12"
"     4   31   5  1 3  62 1  4   4   "
"    4    5   26 3  4 1   5    3 4   "
"  2   4       3 4  2 16    4 5    2 "
"43      23    1  5 5      42      1 "
"   2 3    1  2 4  45     3   11 5   "
" 1      2    6  2 1   34   5 2 5  1 "
"  3  1   32       6    55  1   6  5 "
"   56  5   4        3 15 1 2    4  1"
"5  4   23        13       42       6"
"5     432    5   2   6      313  5  "
"26     53  6 3 5  5         4    132"
"165   4      2 4  5    2    31   6  "
"    4    5 64  1   5  3 514     2   "
"42    615    4  6   61      25   3  "
"125   4    5  14       6    3 5    1"
"     6 3  2    2   4  5   51    1   "
" 4     3  6   45  2   1  2   3   6  "
" 3   16     3    2  64    5 4     2 "
" 3  2    6  4     5  2   2  5     1 "
"  6 5     4 5 2     3    6   42  6  "
" 2    3    25 4  3          1 4  6  "
"     21   3  1 5  2  3    6   4   6 "
" 5  3    5  6   1313   6 6      2   "
"     6   4   4  23 52 4   51  1     "
"  5    6    42 5  5  34      1  1 3 "
"3       23     6   51  41      3  1 "
"2      1   2  136  365   5  1       "
"  4  2    4  45    2  1      6 3  2 "
"     3    5   4  1 263   3 5  4     "
"   1   4  3    3 52  6    3   4   6 "
"1    4 3        6  2 1    5 4    2  "
"2    5        42     3 15   6  2    "
"  23        4   16  5 3    4   3  2 "
"      2   3  1   6  42  1       6  4"
"1    3  5    6 3      2    4    2 1 "
"     5   4   6  4   1 32  51  4     "
" 4  5       2 31    4 6  1      5  4"
"  1 2    6   6 5      4 5    2 3    "
" 4 5    3  1  4       64 3  1  2 3  "
" 5    4      2  6 36   2  54  2    1"
"4   1           25 6    3  2   1  3 "
"   4    1  2    2 52      6  34   6 "
"4       6  1       35  6  31  5   2 "
" 1 6    2  3    3 5   41 4      1   "
"5   4  3      2 1   1  6    2  2 1  "
" 5   4   2  2   6 1 6     34       3"
" 3   4   6  2 5   6   52     1  14  "
"    6      1  653  2 6   4    3   4 "
" 5   6    3    41   4   6      2   3"
" 4 6  6     3   6 2  45  2 5      1 "
"   3    1  2 2 6    6    5    3   4 "
"5  4   1  5     6 2 5   3    4  1 3 "
" 6 5    4  36         12 4    1   5 "
"5   1      5 2  3      6  4 6  1 3  "
"     4   1    4 2   1    6 5  3   4 "
"  5 6  1   3    1  4 3  6    4      "
"5   4  3   2  1  62          4 2  3 "
"  6    1       4  2  61  5  4   1  3"
"  1    2  5     414    3        261 "
" 5 1    3       466   3   53 2      "
"        23 15   1     65 3   4  1   "
"       5  236        4 1 3   55   3 "
"      2 61   4 2   2   1   53 5     "
"       1 23  3  56        4  31   2 "
" 3 25         1    5  41  5 3 6     "
"3    2  1   1    4 5  6         532 "
"      35   2  1  3 632   3        46"
"    366      1   2 2 4  2 5  4      "
"        3 61 5    6    2       2 3 4"
" 6      1 6      4  25  2 3 1       "
"16   5        36  2   4  2 5       6"
"  1 4 4      6 4 3     2    3  3 62 "
"    1  1  53       3 5 64   6   2   "
"   15      61    4 3    2     6 12  "
"   41      6  63   4   25     6 4 5 "
" 546     4  3          1  2   5 1  4"
"6    2 21 5    5    4       6  3  45"
"  1 26    3  2       6  3    5 45 6 "
"  1   4 53    24     6 5 4    1 6   "
"1 54    3    3 1       5    2   46  "
"51   3 4    4    1   5   2   6    2 "
" 3    5   6  2 4    16      4  6 12 "
"    16   4   3 1    4 6 54  2  6    "
"16  2  5         63  2   3  64      "
" 1  3   6  4  2   5  3    352     4 "
"    1      6  13    6  14     1 3  5"
"  4 25    6  5   1  26  3       1   "
"2 53    1   6      1   2    46    3 "
"2     3 1  4 2 1 3   4  4  6 2      "
"61 4   3     5   3    4       3   16"
"5     43   2  25  3         4    6 5"
"  4   2 3  6     1   4 25 6 2    6  "
"4 12 5    1    1    3  61 53    4   "
"16   54         5 6  2   3  6      1"
"   5      26 1 2    5 6  6    35  4 "
"    5     41 3   61  5  2     3 4 6 "
"     6 4 5 23   4         2  3 6    "
" 4    61  5   62        3    5    1 "
"61   4 5    5       63       12   6 "
"    5 1       321    4   6    35  4 "
" 2    53   6 1 4    3 6     15     4"
"    3   61   2  4 6       5   1 32  "
" 1 2  2    6          24  3   5 16  "
"  4 1    5   6   4      2 16  6 5   "
"  12  4          3 3  2   243    16 "
"     3   5    1  2 46   1 53   3    "
"     3  345 6     4   1 3 5  2   5  "
"  2   43   25  4    6       1 3    4"
"    4    6 1  2 1 5  2   6    3 4 6 "
"1      3   65  23           42  41 3"
"  1 62   5      4  64   5  2   1    "
"6 4  3 5        1   2     5  4   6  "
"     6 1 35  3  6   5 3       42    "
"  6    2   14   3  5 4  64  2   5   "
"  4    3     214    5 1      6 1 34 "
"  4 1 5     4    6 2      6 41   3  "
"     3  451   6 3 1   6  43   5     "
"1   3    1 5       2   6  6   31 5  "
"  1   56 2    6 2  4   1    4    1 5"
" 6    5 23   31  6   4       2    5 "
"  1 45   3   425       4 6    2 4  3"
" 5    6 14      3      5  2 4 3   6 "
"        65 12    6  5 3 1 43   5    "
"1   42   3 1      62    3 4   21   3"
" 6  43  3      1  2        41  1  36"
" 2 34     21  6   2   3 5 4    6 4  "
"     4    2  5  4   15  3 4  5 65   "
"  25       6    355    12 51   41   "
"  2 3 3  6  4    5 1        46  435 "
"25    1 4 2       5 14      56   3  "
" 3  62   13 6   2       3 5    12  6"
"   6 4  4 13  2   5            43  2"
"6 3 1 15        4    2        4   63"
"3 1   42   3       4 6  2  4      6 "
"     552  4 4    6  1    4 3 2 3    "
"    5 52  6 6    1 3 6    12        "
" 4 25  5  643  5          2   51  2 "
"     15 1  6        61   4  3 6  2  "
"  62 3  3   6    5 3  1    5   4   1"
"5  3  3 61  2 1  6         4 3    5 "
" 5  43 4  1   42         35     2  5"
" 431  2      2   4    1   6 23  26  "
"  421   1 35     3    4  4    3   5 "
" 4  65 3 24  14  3   4    3    6    "
" 3   5  4    1       32 16 5      1 "
"     34 35  1  2   4 1  5         2 "
"  3 466   3   4 5  1 3   2    4     "
"  4    2         1 1 5    165 6 3 2 "
" 13  4    3    61  2    54  2    4  "
"   6   6   4 5      15    4 612   3 "
"  1    3  2  5 3      5   3  64 52  "
"63 4      6 1  5   2   4 5   1   3  "
"  4 32       3  1  1 2    3 655     "
"6       3 1  4 1       55 1  2    5 "
" 1 4 3  4  616          45 3 1      "
"    3  3   12    56      2  13  14  "
"     55 3 4 3  1  12      5 6  3    "
" 2  131       156        6  2 4     "
"35  4      5 165      6     12 4    "
"1   5  5  16  25        3    4 4  3 "
" 3   2  65 31       4        5  23 6"
"  154  4  2   6   3       241     5 "
"54   121  5 4       26       3    2 "
"2   6    2 3  4 3    4  6 1 5  3   1"
" 2 6 5  5 325  3 113      3 2 2     "
"62   1    3  6 5       4 1    5   2 "
"      4  6    6  2    3   326  1  4 "
" 6   5   3  6  51 1 24   2   44     "
"  2    3 1   43  1  5  6     5 5 4  "
"  62  3        1  1   6     5  4   3"
"45  3          6  1       2 4  1   5"
" 3  1 6  2  4       61 4 6  32      "
" 3 1 2        52  6    4  1 6  6    "
"      53   64  2   1  5 1    2  4 1 "
"5 3          4 5  2    6    1  1 26 "
"     6  41 32        5    1 6  3   5"
"2  1      24     5  5 1  6     135  "
"   4      1   6 3 2 5   1      641  "
" 4  65   4    5  3    1  5      62  "
" 64  22       54  3         1   6  4"
"  526      5 1  4      23   2  6 4  "
" 3 26     132  35       64     21   "
"  6   3  4  6   3        5  46   5 2"
" 3      5 4 6    43   6  2 43     12"
"  452      6 4 16     3 5 2    3    "
"    2    6 4 352    1 5  64  21     "
"1  43         2 1     54 143  6     "
"      15      245  4         6 3 24 "
" 5      2 4  1    2   6   3 25   4  "
"4      2      6   2  3 1  3 42   5  "
"3   25          5   21  1      35 4 "
" 5  41   6        3   2  4  6   1   "
"    3 2    5   5  6  1    2   53   4"
" 31  46     14 2           3    5  1"
"4      53  2 1 4  5   2    3 4    1 "
"4      52  1 4 52       5   3   36  "
" 236  1       4 2  1  532  36       "
"    41 1 2        5   3 12   4  3   "
"6 5   34   623             6 44   53"
"    51  542   2    4 23       6 3 4 "
"4      36         1  25    62  2  14"
" 2  56      2  1      6 4 3    62  3"
" 3 2       6  26         23 1 41    "
"52    4 1 5  4 5   1   6    3   21  "
"   2       6  4 2 5 2  46 34  24 3  "
" 51 3 3 4 5 5    1  25   1 4        "
"1 6  5 4   6      61 2  3   12   5  "
" 51 3 4 3 5 3  2          436      4"
" 4  63 3 2     4 5 1    3       6   "
" 4 3   1  54     1   2    1   2    3"
" 16 5     3   2    5  6   15       4"
" 6 2    3    2   1   4   1  455   1 "
"   4    3 16  2    5     312  5   3 "
"  1  556      6 3 3      4 6    2 41"
"2   6  16  5     3  36      4 5    2"
" 1 3    4 15    5 1  4  4   63  6   "
" 2 3    1 263    51   3        63 4 "
" 61 4 4     15       2       66   3 "
" 16  55     1       21 4   23       "
" 2  1 4  5   5   3  6    3 24      1"
" 4    2       6   4   13  324      5"
"24 3    5     2  1    3 5  4      2 "
"     6  213 3     52      65       1"
"25    361 2     4  2 3       46   3 "
"  3  44  3  16   5 2        6    4  "
"       6  4   2     16 2 1 3  4    1"
" 5   1  32   3        43  65    5 1 "
"  63    3  4    5  52  6 6  4 1     "
"  1  25    4  4 36 3  2  1  4    6  "
"4  3    1  4 2       2 5  5 4      6"
"        25   36       4   1 2 6  1  "
"  1  62  3    4        54   3  1 6  "
"      2    6   1  45    6  2    4  3"
"  12   4    1    5 2 6  6  1    2  3"
"   1  6   2        4   6  54  1    2"
"    2    3   3     2   6  54  1    2"
"   1    6  432    6   3       5 14  "
"  5 36 6  5 41             3    2  1"
"  3 1 1  2       2  6  5     443 6  "
"  1   5  4 12 4 5        2  3   6   "
"61   4 3 1    15    2       1      2"
"51 3   3   4   6       22   6   3   "
"        65 36  2   5     1  5   5 42"
"46 3  1    5        1  42 4 1     4 "
"4 13 6       361             5  2 1 "
"46 3 1        4    136   4  6      2"
"      2 31 6     4  5 3  613        "
"      36 21         213     4   5  1"
"   3       56      4   11 342   41  "
" 6      42  4       2  4    5  236 1"
" 6  4  4 6    31       5 3      52  "
"    4      3 4 52  25     2  11   3 "
"    1      4 413    6    6   25   4 "
"    3      434 1   2      5  32   6 "
"4   35  5      12   6   3   4      3"
"        4  2 13    2  5 6 2  4    6 "
"15   4    1   5 6  1 3   2   3  4   "
"   3  3 4 2  1      5  2  3      65 "
" 3   24      6   5  4  62 1 6    2  "
"4 2 3   34   1   53        1      5 "
" 4  61  1 4 2  3       6  3    5    "
"    3 13   2  53   6  2 6       24  "
"  3   4      654     1       42 4 3 "
"   2       32   615      3 4 2  2   "
"     33 1 4  6 2  1     6   5      4"
"  4 31 2          2   4  1 5  6    4"
"5  4    4        1   6   6 53   2 6 "
"  321 2 1  5   36 3       4 5 5     "
"5   36              3 5 2 4  5 1 2 3"
" 43 1 1    3  25     1        65    "
"4    5 25 1  6 3    3        1  4 2 "
" 5   61        5      6  24  5 6 3  "
"     4 42 6  6    2       653  1  2 "
"43  5   5  3     21 6       4  4   5"
" 41 5 5  1    32  4    3   4      26"
" 3  4   43 561              5   21  "
" 46 3 5    4      31      2  6   24 "
"  6 4 3          4   6  125 6   41  "
"      2  31  6      2 5       31  24"
" 6  3    1    62  5    36 134  4    "
"5  1      56  4  2      1 526  2    "
" 2 3    3      5      4  342 6  1  5"
"   5 4    3  3 1    6   4      12 45"
