"   1   4  2   5 13 63 4 5       4   "
" 5    2       16     53      2  64  "
"  2 1    2   6  4 1  6  6    5 5    "
" 1   6  5   2       4 131   6    4  "
"    3     65 3      15   2    3 5  1"
"4  13         16      2 23     5    "
"   65     4 6  2    4     5    3   6"
"   4 5     2 3     56 4  421  5    4"
"     4    25 1  5 65 2   21   4     "
"   5 3    2  13      3 4 2    5 6   "
"     4   25  12 3    16 54      3   "
"   16      324       25   1 3  6    "
"    6    3 451       2 5  3  6 4    "
"   2      13 45      4 6 3      1  2"
"63      4      5 15    6 2 6 3  6   "
"4       3   26  3  4  16   54      1"
"     3   5   32  6 4 1  46      5   "
"4    3  31   6     3  2    4      65"
"4    6   3     5 2  2  46 1    3    "
" 3    5 1   1    2 5 6      1   43  "
" 2    1  4    2  1  6 2    1 3    5 "
"4 5    1     3 2  6    5        451 "
" 5   1 1   24  6      2 56      2   "
"  62  3   6 5    1  4       5    1 4"
"   6 5    43 45      4  62     1  6 "
"    13   4  5        2 623     51   "
"63    5 4      2  1    6 5   3   4  "
" 2    65   11      4  5    2 4    15"
"3 2    15     13  2  1      41   2 3"
"63    5 4      1    6  43    2   53 "
"3      6      6 414 1 3    3 4    26"
"   4 1    23  51   6    23      1   "
" 41   6 2     46  2   1    26     43"
"     1   5 6 2   36  4   12   4 6   "
" 16   5 3    3 1   6   5    1    4 2"
"    45   1 3       15   6      23  1"
"    25   61  542    15  1 2    3    "
" 56 3     4 5    2  14  6 2    45   "
"3 4    25      1 5   6    14 3    6 "
"   16     245  6   2  4  3    1     "
"    46   31 5  1   2     41 6       "
" 51   6 4    4 3    2  5    41      "
"   61     25       53    45  26     "
"6 24    5 2 26     5       64     15"
"31 52       24     5       64     15"
"    4 3  5 2  512       5 3   26    "
"   3 4    52  5 3  43 2 5 1   4  5  "
" 1       1 55      4  3   6  1  24  "
" 1 3  35    5    3   6 54      3 2 4"
"35    4    5    5  2 1   3   4   36 "
"  4 5  3 1    3   1    5  5 3    52 "
" 3 1      5      2 2 6  2 4   1    4"
"12     5 1     5    5  3    6   4  5"
"   3 6 3   4  1 4 2       41   6    "
" 4  5      6  3      2 11 4    5  1 "
"  2 6 63     4       3 53  6 2      "
"   16  1   4   25 5       1    2   6"
"   2   52  6 4 6  6    131      4  3"
"  2  1   23     2 1   4 65      16  "
"3 4    1   3  21   5    6   4      6"
"   31  3   6    2 6    5  65  1     "
"         1 2  65   2 4    5 4 43    "
"  2 1    2 3  4   1   6524      6   "
" 4  2    4 56    2 5 6   6  313     "
" 3   66 2        5  14    32      4 "
"6 4    1  4 1 25       2 3  5 5  3  "
"  14   4  3 15   3   5  2 6        2"
" 6  2      3  34    53       151    "
" 5      2  56   4 4   36 3       2 3"
"35         3     12 14  4   1     6 "
"    1    25 5  4    65  4    22 1   "
"   2      35 345    2   26     4  6 "
"   2   2  15 531    2   24     3   4"
"46     1 6    5  3   1      1     26"
"    5  1 3       3 3 2    1  64 6   "
" 2   3    5 2   3   41  6 1    3   1"
"     3   26  3   56     1 2    5 1  "
" 41   6        1  3   2  6 4      65"
"13      4  3  52 6 2        3    5 4"
"1      24   5 6  2    5   1  4   31 "
"  6  2   16  3   51   4   1    2    "
"   3  5 1   1    4 2  6 2       6 1 "
"  43 5    4     3  3 5    31  6 5   "
"    6    3 1 1   6  21  5    42 1   "
"     2    4  2   6   4  3 4   6  1  "
"    2    5   4 1       21    62 3   "
"  1  6   2 3      6  35  3    4     "
"   1       42  6    6 4  2   534    "
" 5   4    261   3        4    3  2  "
"    13  5  46  4      6   4  6 1    "
"   31  6  5       2    4 4 2    1   "
" 4  6     25      1  3    2 3  3   1"
" 2   6   4   6    3  26    5 2  1  4"
"  4  36 2   2  4   6  3 3   14      "
" 3      6    2   46       1 2     65"
" 3  6    12 3 52        24  5   3   "
"   3      6   4  56    3 6 1  2 3   "
"    3  6   5 4   3  5      12 1 6   "
" 4      64       6 62 3    35 1 3   "
" 2 3    4 6  4   3        25 14 5   "
"    146        1   21  3  3    5  3 "
"4 1      41        6  23   3    2 6 "
"  4  2 5  1       4  2 5 63       53"
"     51   3   1    2  5 2   634 6   "
" 12  6   2 3  1 5 5  6   6      5   "
"       3  4 4   3    6    3 621 6   "
"35     4  15 3 6    6      42      6"
"2   3    5 2   1    1  4 3     15   "
" 36    1            43 22    5   6  "
" 35   1     4 2      45     63   1  "
" 34   1     2 5     12 6 1   3    4 "
"52      1   64   22  6 4   4      3 "
"   6      5   65 4 42  6 61   3     "
"   16      4  6 45 35 2 2      6    "
"4      36    2  1  61 3     42   3  "
"   4      5  26 3  4 26 5      34   "
"6 5    1    1  3 22 4  6   4 1    6 "
"    26   4  4   5   31  1      65   "
"   6      2   2 4  361  1      65   "
"    65   4   32  4 4  312       5   "
"   4  1    6 3  5    64  62   4     "
"1      65    2  4    3  2   15 1    "
"15      2    2   4 4  21    6    5 3"
"3      1     56 1   1 56    45   2  "
"2      3 2  5      6  51   4      23"
"3      56    4   6  23   3   5   2  "
"6  31   3   3   4  2 6    6   45    "
"3      62        6   3 4  61    5 6 "
"6   5      4  32       11      45   "
"     5   13  5  2 6    4 4 3    1   "
" 23 6      3  65  3  6 4 31   5     "
"1      65     342  2  1 6  3      6 "
"  5  3   65 1        24  31   4 6   "
" 63   4 1    3       4      5 1  23 "
"   4 3    155      4 5 21      64   "
"   2     31 5   4  2     62   45    "
"54    3 2    5   4  46       1   34 "
" 54   2      3      631    26     35"
"     11 46  6    3 4 5   26   4 1   "
"6 5   43      4  1   2 6    6 5  4  "
" 4      2    3   4  61      45   21 "
"   1 6    233       5 3  1 6  6 4   "
" 34   1 2    2   5   6 4  14       2"
"     4 34  2    3 5  2   12   3 5   "
"64     25       3   642    1 2    6 "
"   13     54  4   6 1   1  36  6  4 "
"  3 5     43 2    1  6  5  4    4   "
"    14 4  5 3 2  5     3 3    1 5 3 "
"    5    2 6 34     13  2   1  16   "
"    14 4 5   3  5   2     6   2  1  "
"  46      14 32    4  3     6   65  "
"  5  343    6  3     1 6 5      2  5"
" 54   2   4 6    3 4 5   6   2      "
"   6   6   21   5  4      34      13"
"   16   1  4 6 53   2 1 4       6   "
" 2   33 6       5 2  3      64  42  "
" 34   2  3  5    2  1      46      5"
"  21      32    5 4  61  1      63  "
"4  3   1   2    6   6  3 24   1  2  "
" 1    4 3      3 66 2     45      14"
"  5  443    3  6  6  5       5 2  1 "
" 34   6     5   2    3    64      61"
"42    5  1   64  5   6       3  34  "
" 16  4   6   5    2         35 4   6"
"4   1 35     6 2            2    4 5"
"      4  2    6  2 4 3 6 54     21  "
"    45 3 2    6   4    6 4      16  "
" 32   4    1  64      3 6    3   6  "
"       6  54   2    4  6 13    4  31"
"  2   5   4   43      5 2   61 16   "
"6       26        4   5  31  5   13 "
"     3  4 1 1   2       53      2 36"
"23      1     2      4 63    5  5 1 "
" 4  2   3      6 15 1      43      2"
"  4   23         1 523     4      62"
"     2    3   234  356    1   56    "
"3      64   2       5 62   3 5    4 "
" 1    4 3    2 6 554   1    3    2  "
"    5    4 31 2 6 3  1   35   6     "
"   61      5  43 1  3  42  5   4    "
"2    61   3   14       5  2   63    "
"  4  2    1  1 3    6 4 65      1   "
"  3 5  2      2 1 6  3     5 4    2 "
"   2 4    1 3 6   2    6 43   1  4  "
"  3  626    3       42   1  3      4"
"12      4 2  5  4   13     6  3    4"
" 3  2 1 2        3 1 6   6 4  5   6 "
"5    3 34    1 6 56  3     2    2  4"
"4    2 32    4  5 6  4      6    1 3"
"5  3       1  3     2 4  2  3    6 2"
"3  6    5 2  1 3        4 2    3   4"
"  5 3  4 6      5 5  4  4    2 12   "
" 2   3   52     1 4    5  6   3    4"
"  36      5     1 5    61  2   32   "
"    4 4    5 6  5   13  23      5  2"
"2   4  15   5      2 5 6   2       3"
"     3   4    4 2 1      56   2   65"
"         514     2 4 3  1      32  5"
"  26 5   321  3   5     6    4 3    "
" 1 65    2314      3      3 6   54  "
" 2   6    5    1  3   2   42    1   "
"  4   2      16  4 4 1 5  5 4     2 "
" 1  2  6       3  53 6  6    5  4   "
"  5  3 3  6      5  41  5    42     "
"  4 1     6 2  4  1       1  3 6  4 "
"  31   2    4   61 6      5  3     2"
" 3      4  52 6  4          1   5 6 "
"2  3   6    3 6 5     6      2  1  5"
" 3    1    22      6 3      6   4 1 "
"6  3   5    3      2   5  1 6     2 "
" 5      2 5    43 3 42    1 2      1"
" 5    1   5   164 2 45        3   1 "
"   1   2  6 2 65  1     5   3   3   "
"  2   6  2  5   31 4  5    1    1  4"
"3    5 5       2  2 14   3  6    3  "
"  4    2 4  4   6551   3   3    3 1 "
" 6      2 3 1   62 2   4   5    5 4 "
" 3  2    3    4   5    16    4    1 "
"  2    1  2    46 6 32   5  4      1"
"  34  1      64      26      5  13  "
"2      6        46  1 2   5  3   2  "
"    3   5  1 61      4    2  35     "
"  5 3 1       4 5  2 1    14       6"
"   4   1  3   6    5  232    4    5 "
"        13   3 52  52 1   51  4     "
" 5  2      532 4  6   3  3  1    5  "
"2   1  6     4   23  6      6  5   3"
"  5  3         3 2 4 1    1  63     "
" 2      5 2    6   6 3  5       3 1 "
"1    6         6 3 5 2    3   2    4"
" 6 4  1      36  1  2 65    2      4"
"2       54   1   2    1  6      4 5 "
"    4   6  5 4   6 1  3 5       42  "
"     5 3  2   1 3   46         6  5 "
" 2 1  5       2 5   4  3     2 3  6 "
"1      5 3   34  6   2       1 1 6  "
" 3   14      462     4 5       1  2 "
" 4   3   6   3   215  3 5       3   "
"   3    5  11   4 4 26       5  1 3 "
"   3   6   415  2 6        1    5 4 "
" 6   5    6  14       43  2    5   6"
"  6   1  6  5 2 6    54    1    1 3 "
"  6   3   2  6  3   41    2  3  3  5"
"6   4   16  26  5        1    4  2  "
"   1       6  6 4  32   1   2   5 6 "
"  4 3  2  6  31    6   5   4       3"
"   2   4   3  5 1   3   5   3 2  6  "
"  34  6        6   3   4 2  5 1   4 "
"    1   36  5      6  45  14  2    1"
" 1    5  1      63  5  4  1 5 6  3  "
"  1  5    6    4 1 42   3   1   56  "
"3  5      4   6  1 21     3  42  6  "
"  4  32  1   1   5        16   5  3 "
"  6  5    4        61  3 2 6    5 3 "
" 1   6  2        115 3  2   1  6   4"
"  1    6 4    5 4      1 4   21  3  "
" 3    6   2  4    12   43   1   56  "
"4  5  1   4  21  5     2 4      53  "
" 3   1 1  2   6   3  6      5 2    3"
"    4      1 2 5 6  5   1   3 3    2"
"2   1  1   2  36    15   4   3      "
"        5 3  2   5 6   4  1 4 4  1  "
"  21   1  2 3   16     5  64   4    "
"  1 6 6    4 5 6   3 5    2 3       "
"   4    2 5 5  3  6    5 4  3   3 1 "
"        2  3  46   6 4 25    41   2 "
"  2  6 4   563  4 2  6     3       4"
"5   4  1 5   4   6  1   3      6   2"
"6  4   5  2     14  1   5      4   6"
"  4 2 3    1   5   56   2   4   1   "
" 2 3    1 6     454         2   61  "
"  62       3 4        412  6    5 3 "
" 1   2  2       3   46    5 4  2   6"
"6      5 1      4   2  35  4    6 2 "
"4       24  26       3 61    5    1 "
"4  3      6  12     4 512  6    6   "
"     2 2  3 2  4 55  3  6      1  6 "
" 1 6      1 1   242 4    5    6   5 "
"  6 2 2      1 5     2 3  4   5    4"
"      1   5      25 43  6      3   6"
" 6    3   6   31   143  2   4      2"
"    5  6   112 6   4 1  3       2  3"
"     5 5  2 2  1  3  4 2  6    3  6 "
" 3 2      3  42  5  5 21 5 6  6     "
" 3      5   5   4626   5    1   14  "
" 5   33     5  4 2  4    1   5   6  "
" 3 4      3 6    151   6    5   4   "
"  14   4     35 6    23     1   65  "
" 3    5    6  13 4 23    6   3    5 "
" 1      2  545 2     4 3     6 3  1 "
" 3   15     32  5     26 5 4      1 "
"4  3    2    51       352  4      6 "
" 3    1   2      5 56      2  3   6 "
" 1    6   5   2 4   63   6   5   1  "
" 3      6 5 6  1  2  4      1   5  6"
"  4  6         5 365 2  3       2  4"
" 6    3    6   3 5 236    1   6    4"
"1   6        5 6   3 2 53       2  4"
"        3 2    61 5  4  4       2  1"
"  45  1     5 2  1    3  4    2    6"
"       3   51 24    3 2     1   5  6"
" 3    5    6  4 3  5 2  2  1       3"
"    6   41  6      3  2   5    1 3  "
" 1    6   5   24     63  5   4      "
" 1    3  4   4   6  6  2  3   1  5  "
" 2 4      3  1      5 26 6   32     "
"2  5   3     21  6  6 1 4  6      2 "
" 1    5  3   24  6  1 4    6       1"
"1   2  6      5  3 435  4   5    1  "
"       5   142 5  1   6     3  1   2"
"  6  2      1  2   6 5 33       2  4"
"2    6  4     65  1   2     6  3   2"
"    6    1   6 4 35     4    6  12  "
"     11   5  4 6    2    5   33   4 "
"3    5  1 4    6   5      4   1    3"
"   4    3  2 5 6  36      5  41   2 "
" 1 6    4 2 1   6  2   5  1 3  6 2  "
"4    3  2 1  4 5    5   6    4   6  "
" 5 3    6 2 41        4  2 51       "
" 3  6 6    2   5 4  5   2 3 1       "
" 5 3 2        1    2   4  54  1   3 "
"        23 15   3   1  62    3 4  1 "
"       1  531      5 6  6    1 3  4 "
"    2   1  6 3 4   5  3 2 3 1       "
"       3 4 65    1 2 5   4      6   "
"  1 5 6   3    6   1   5      4 2  1"
"        162   3  52        3   4  6 "
"      2  61  1 32 3  5  6 5 3       "
"        652    6   51  33 21        "
"  4  2         61 65 2        3 2  4"
"    1  6   4  2  65            4 3 2"
"      1 65   6   3  2 4 5 41        "
"2 1  3      3 41    6   4   6  6 2  "
"   63 3     1 45    3 4 2 5  4      "
"16   5           42 41   2   16  3  "
"       3 2  65  4 1   56 2 4 1      "
"      4   5  2 3 161 2  2 5  4      "
"4 1 2            6  53   1  3  5   4"
"  2 1        563   1 5 46 1 5       "
"    6 1  3   2 6    1  52 5  3      "
"  1    6  5 2  1     4          5 16"
"6 4  3        1    2 5    3  1   6  "
"       1  535   6 6  4   5  1   2   "
"     51   4 31 2        6 5 3       "
"        513  4    6   12 1  2    6  "
"61 4         25  3   5      4   61  "
"61   4       5 4   6 5 3      3    1"
"     3  4 6  4 21 2  3  6 5 3       "
"1    3 2  5   6   3  1         3  62"
" 3   1  4  24   1  5 3          1 53"
"  5   6  4  1    2 5  6   13 5      "
" 2  5 5   1       6 31         3  62"
"   6   4  1   5 3 6     5 12        "
" 3 5 6       4    5  3 2      6 4 5 "
"3   1      3 2     6 24       13   5"
" 1 6        1   3 3 4  5 2 51       "
"    3      4  362 6 1   14   3 3    "
" 2      462   1  45         3   314 "
"    1  1  533  5   6   42  3   3    "
"  6   4 26     2   2   6  3      45 "
"2 61    1        31    2      5 24  "
"    3    4 66  3    5 2  4    35  4 "
" 2 4  6 4     36  2         1  1 34 "
"3     5 4  3  35     6      2   1  5"
" 4  31    4 3    42  1    1  5 3    "
"   5      26 5     326    1   3 5 1 "
"     5 5  231   5 4  3    3    1 2  "
"    2   231  1    4    1   5    3 6 "
"4    161           615      3  3  62"
"   3  3    6 4     1 54 1     4 2  1"
"     1   5  6      4  634 12    2   "
"  5   2 43     1 44           1 345 "
" 3      4  6   5  21        6   145 "
"    34 3 5  62    1   6  6    35  4 "
"5   6      3   2 1  1    4    13   5"
" 246  5      1        13    6   532 "
"  421 12         46         6  1 34 "
"4 1 2   3    3 4   14     5 14   3  "
" 5      3 1    6 5 2        6   145 "
"2 4   5    3 4   1       5  14    6 "
"2     3 1  4 3   1   6    4 53      "
"    4   231 1       3  4      6 423 "
" 5 6 1 6      5 3 3  2       3  15 2"
"    2   3 5  1   23  4  1     6 2  3"
"52  4  3       6    3 2  4  5      1"
"1      3   1 2  6   5 2      6 4 3 2"
"4 1 2   3    6  5   5 3      5   4  "
"1   2   6          3 4 2    3  5  46"
"  4 61    2   26 3      1      5  3 "
"2   6   1    1  3   6  2  542     1 "
"2 61    3       6      1 4   3  16  "
"     6  23 1 3  6 2  1   23  5  4   "
" 6    15   25  3    12  61   4      "
"43   15        2     3   4    31   6"
"  5   2 43   5    1    2     4  65  "
"  5   2 43    2  6 3 1 2         21 "
" 6    15   2      2  5    3 6  2   5"
"  6   4 5 1 2  5     3  5   4   2   "
"   61    4   5   6  3   6 23  5     "
" 4 5 2     6 5 3    2 6   12  5     "
"1   63      2   4   6     53 2     4"
"  6   4 5 1  6 5   4 2  1    3    5 "
"    4  1 63   3  42      6 51       "
"     4 5  23      3  4 26      2  1 "
"     6  23 1    1 1 52   53   4     "
"5   31     4  53   1    6 1 5   3   "
"        634     1 2    36 15  3     "
"       3654 6   2  5        6   145 "
"      4    25  4   1 5  2 3 1   5   "
"  34    5 3  5    4    1 2 51     4 "
"4     6 2  5   3      2   1   2 6  4"
"1 5 2 3     4  6      5  1  35      "
" 43    6 3    4 1 6    3 2 4 1     5"
"     5  43 66   3 1  6    64   2   3"
" 1  53    2   61       44 3    5    "
" 56 3       4    35      3 15     2 "
"65 1   4         5  4  2    3  1 25 "
"     6 2  43   6    54  4      63 1 "
"  3    2 5  6    2     4    4   123 "
"15 2          4 6     2 42 5   3    "
"21      32  1  6 5 5        6  2 54 "
"  153     2     4  6   321      3   "
"     6  4 13 3    5  3      2   6  1"
" 4    31  5       5 16      14  45  "
"    6  1 23 5    6        24   3  2 "
"    6  1 23 5    63      3  1   4   "
"  6     4 6 6    2 5   1    2   541 "
"  2  55      6 5 2   1    6   2 4  3"
"3     21   5  64 1   5    2  4      "
"    3      5  526  1     6    35  4 "
"  4   2 3  6         1 5  5 6 4    2"
"   6  6 1 2      5 2  1 3 21    5   "
"  1  63    2   6 3   5  6 5 3 2     "
" 3 2  4     3    2  64      5  1 32 "
"1 6 4 5      5   6   4      6 4  2 5"
"1   3      6 5  1    2    2   5 1  4"
"5     3 4  2 5  3   65      4      1"
"     4 1  32  6   2  4  1      2  15"
"23  4        2 1    6  454  2  6    "
"       2 43   2  51   4  3 62     5 "
"  4 25    6 21 6   5  3   5   6     "
"5      316 5  2   3          6 4 5 1"
"     2  54 1 3  1 6      4  26  61  "
" 4    3   4 4  6   6        25  5 16"
" 6 5 4   3 12       6  3  1    2 1  "
" 6 3      2    6       261   524    "
"   6      35   2 4  5   2 3 1  1    "
" 5  36   5      14  1   2 3    6 3  "
"   5      4231    2  6 35 12   2    "
"1  4    3   4   5  3  2    5   5  46"
"   5   5  23     224 1    5   3    6"
"  5   41  5      62  4   3     4 2 3"
"  1 62   1   5  1     4   24 66     "
" 6    2 3  6     5  14    42      3 "
"  3   4         6 16 2    542      5"
"43      1       2 51      34 2    36"
"4 1  3 32    2   1  5   2 36 4  6 3 "
"34   1 21     4  6 5 4      6    3 5"
"   5      32  5 2   31   64   35  4 "
" 64   2 3  6    1   23  3   25   4  "
" 1    4 3   1  2   6        25  541 "
" 45   61  5   41         2 64      5"
" 42   5     6   5  2        13  15 2"
"6  2   3  1 2      6        34  462 "
"   5    5  1   43   6    2    6 1  4"
" 5  36   4      1  2      5   23   4"
"      62  4     5 3 5        4 6 12 "
"     6   41    5   13    2    6 1  4"
"  4 61   2    1 3 2      1     5 1 6"
" 2   3   24 5       61   6    1 23  "
"     4  231     4   61  5      23 5 "
"        341    5 153 6   2    3 4 6 "
" 5    4 32     1  1    3  4  5   42 "
" 5    2 43       13 1  2   2   3  6 "
"4 1  3 2      54 2  21   1        2 "
" 4    2 3  6        62 1 6  53      "
" 3  26   1    2 5    6   64   2    4"
" 2    5 14  6 2  51   6           13"
" 1 63      2    5 3    6 352  4     "
"     3  162 2 6 1     6  4      5  1"
"   4   5  23     41    5  2   53    "
"     23 2     4    6  5   542      1"
"46   3  5   2  4  6  1   4  5      4"
"1      3   6    3 2  1     4    1 53"
"4 1 2  3      51   2 5    3 16      "
" 5    4 32  1      4 6 1   35      2"
"2 61   3      2  6 6  1     544     "
"   5 1  5 4 4   2    6   1    6 2  3"
" 4 23      66 2 1     2 4 3    6    "
"2  6    6 5  3   5   3  64  2   5   "
" 12   5     16   5     4    3   15 2"
"  31 2    5 14  3      62      1    "
" 26  3 5      5       2    1 6 6  42"
"     5 4  2    6    1   2 5  441    "
"    656    2   4    1   14   3 36   "
"       13 2 4       2      41   1 53"
"46   33 5   5  6   4   1     6    2 "
"   12    3 5  5    1 4   36   5 16  "
" 3 25     312 5     35  4 63      6 "
" 235        1     2    3    14 4 2 5"
"  4 1  5      63    32      24 4 1 3"
"   36      2  4     35  2 6 3 34    "
" 36   51 3    3  4     1   1   5  23"
"  5 62   15  4 2 6  2   3 6  1      "
" 53 4 4       2   6    3   46  6  32"
"43    2 6 4   3  25  4      25   3  "
"    4   4  6 4 6  2   1  5  63   2 1"
"3      25         5  2     42   1 53"
"  3   5   3  5   3  61  2 5  461    "
" 62  1   6  2   6      4  34 2  4   "
"5  3   1    2  4    4   1 6 2     6 "
"2    13 1  4  2      2 34 6 3    4 6"
"    5      13  1   2  4   2  66 1  4"
" 13 4      1    6  4 1    243   4  2"
"    4 34  6  1 6  6  12  6 45   5   "
"51   3     1  4 3  2 6  23   6      "
"      4  3  1  4       2  1  62 6  4"
"      3   52     1  45  2 3 1   5 3 "
" 4  31 3  2       2  5    5  442    "
"   5      3 2 6  31       1 2   541 "
"4 1 2   3 1    1   3 5    2 5      6"
"    5   6  26    12  5 63 21    52  "
"  3    4     5  6    1    53 2  2  4"
"43   5  1  41  5  2 54   1 3        "
"6 35             5 3 6  1 53     4  "
"  31 2  5   4   6        2   3   6  "
"1 5  2     4 1  2  6 1        3   6 "
"     66   524       2    4  6 35  4 "
" 4   253   6    6    1   6   3  4   "
"  23          52       14 3  25 1  4"
"46   331   5   4       66  5 4 5  6 "
"5       3 5   2  6 3 1     2  2 6  4"
" 4 6 36      2  5 5      5  4   1  2"
"3  42 54  3      3   2   3  6 1 6   "
"1 45  5  2 4    5      3  6    1 3  "
"3      5  23 31      4      5   3  2"
" 4 23 3      6  2      6  4 6   13  "
"2 61       6  4    1 2 3        25  "
"2  1  6   5   6    1   34       354 "
"4 1 2   21     5   5  3  2  5 3    6"
"    3 3 4   6        1 6  16  2 6  4"
" 6 3  13  2      25         16  6   "
"    5   32       6 6  1  2 1 44    5"
"     2    1  5 1   4 56 1 42    5 4 "
"5    2    3  6      2      4  13   5"
"  5 6 1 45         5 3    36       1"
"1 2 4          2      1 31   55  4 1"
" 4 3 525   6     33 4 6   16        "
" 3   52    1   3    6   14   3    1 "
"6  5       6 2 4    43      5 5 1  4"
"   3  4    6      61 4  2 5  4    5 "
" 3  2    6  24    5    4 2 51   5   "
" 2 15 1          5  4 3 36       6  "
"3    6    4  3 2   1   5    5 1 5  3"
"    5 3    4 3 6  1     5 2 1      2"
"4       3  6 5 1     4      2 6 2  4"
"   6    5 3        415  2 3 1      2"
"    2 2 3  6   6 1 164    4  33     "
"  5  4 4 5 2 6    3       24 6   3  "
"43   55   3  1   424 1  1  6        "
"  5  1 1 5 4 2    3   2  64      6  "
"2  6    1         5  3  1 2  46   2 "
"  53  6       4 1       2    3  325 "
"  5 622  51    1       65 2 4   3   "
" 5  1 2 1  35  4    3      35      6"
"  5 4 41   3   3   3 6 25  4        "
"  4 6  1 5   5         1  542 2     "
"52  4      2   6   63   3   1  5    "
"    3   4  6 1    4  5  2 5  4    2 "
"4 3  6       3 2    54      1 5 1  4"
"4 1  3  3 1  3   25       5 6 3     "
"      5 2 64  1        62 5  3  6 5 "
"51   3 4  1  6       6 54  2 1      "
"  32    6    4         5 2 51   1 4 "
" 2  3   162    3 6        6    531  "
"  6 2  5    6        1 4  2  1 6  42"
"  6    3    6      4 3    4 1  5  46"
" 6   54  16     5    3  64  2  5   4"
" 2  3   162 1       3    3 4    52  "
"4 1  3  2 1 3  5   2      6 34 4    "
"52 4         5      3  16   5  1  64"
"  4  3 1 5 41   3 2  1         5   6"
" 4 26             36   5 2 51   1 4 "
" 1 63   3 2     5 54   6 2 1      6 "
"4 1 2  2   1 4  5   31  6   14      "
" 4      1     4  36    5  53 2 2  4 "
"4    5 1 34     5   312 1      5    "
"     5   62        6 2  15  4 4 2  1"
"  5 1         6 4  4 5    4  35 16  "
"  3  2 1 5 4      5  6    5    2  1 "
"  3  2 1 5 4      2   1  2   1  43  "
"  3   46    6   4        2 5    5 16"
"2   1  5 2    3    1  4   542 1    6"
"       5 2 34    5   4 1 3    2  5  "
"  416          23 35         16   4 "
"  5     43  5  4  6  1 5      42   1"
" 3      2   6   1 35   6 4  23      "
"       243       4  1 5 6  4   4   3"
"     6 4  524   6336  1  1    2     "
"   3 22   4  4 1          3    62 1 "
"3    4  5    5    4   2      1 6 4 2"
"    4   2 13      3    6  1   6  5  "
"   5  5 3   6      4   6  2 34    1 "
" 4    5 6     2   3  21     4   135 "
"5     4 3  26  4    26       42   1 "
"4    52  41          63  541    2   "
"  31    5 4     26      51 2  3     "
" 4     16 5   4  2   6   3 42      1"
"   5 1    3 46     1   6 23 1 1     "
" 41  33      25     354    36      1"
" 6    3   4   64  5   2    1    1 54"
"  5 4 6  2  4  6     43 16  2   2   "
"5      16 5 2  64  6     3 1       5"
"5 4    2      1    3  61  2 34   2  "
"     6   43      361 2  25   4  4   "
"  2 6  1    3    5     3   1    1 52"
"     4 2 3    51    1 5  164  4     "
"     1   46   31   1   54      26  4"
" 4 13      46   2 25 6  41      5   "
"15   2  2   4   5    1    4 3  6   5"
"1 6    45 1 5        3 2   4 1    2 "
"  3   54       1  36       52   5 14"
"3 5    243      1   3  2   2  5  13 "
"53      4  5  3 2  2       4 6 4  32"
"   2 5    1      4 3  5 6 3    516  "
" 164  43    6    1    6    12  2   5"
"  3 12   3 52 4 6 1  2    1   3     "
"26     51  2 3      56   1 5 6    1 "
"26     51  2    5 5  3   4   5    43"
" 41  33 2   1  5      1   4 61   4  "
"5 24   3    6 1           5 32   5 4"
"  6   2  4 6     3    5  321  1 5   "
"   5  15  3 3       6    4  23   45 "
" 46   1         522 3      6   1  43"
" 4  23   1      5  2   46      13   "
"16  4   5   4  6     21      15   6 "
" 1   5   61   42   6   3 435  6     "
"   5   1  43  4     3 2      554    "
"4      16 5  2 6     2    3 4 1     "
"   6    2 31     53   2642      6   "
"  3 12   5  1   34      5 4  1 1    "
" 245  6         6  3   4   6    5 23"
" 16  45          6 4 1       1  3 6 "
"  1    5 4       24    6   6   2  34"
"  5   43 2   2 1  5    4   46      2"
" 15  34      6 1  5       2 5      1"
"   4      2 2  6  5 63    2   34  6 "
" 261  3       2 4  34  6          25"
"       5  34   3  4  2    2   34  6 "
" 16  45     1   3  6 5    1    3 4  "
"  164      5 5  3 34    6  1       6"
" 261  3       5     2  4    3    6 2"
"   6    2 31  1   5  1 3 43  5      "
"     6   52  5 3    3   1      26  4"
"    4    5 22  1 6      51 2    3   "
"  126      5 45 3     5  13   2     "
" 15  34        6 2   5   6  2 5     "
"   4 3 4    2    1  62  3      62 1 "
"   6   4  52  25       3  6 1  2    "
"  2 41   3  6   1        34   1    2"
"2      13    4  2 5   4      2  561 "
" 4  12   6    6  35     16  2   4   "
"1   34  4      32 3 2      61  1  43"
"    45 5 2 3       3  5   4   52   1"
"2 3 4    2   5      4      65   5 23"
"  21      62   4   5   64 5   32   4"
"3       436    2   4 1  1 5   42   1"
" 6      3 2       1 5       14  135 "
"  623      5 2 6    1   16  2 2 4   "
"    3    6 2  4    6 4  1 5   42   1"
" 3  5   6  1      31 5   2  15   42 "
" 261  3 1            5 46   2   36 1"
"4      2   46  5    2      46  6  21"
"   14 1    2   6 3      65  3 3 2   "
"   6       3 5 2   6   56 1    35 1 "
" 1      46  1  4    3   4    2 26  4"
"  32    2 313    52  6    1 6 6     "
"14 5  2  1   5   2  2     4 6 3    5"
"3 4 52               24   256   5 23"
"  416   6  26   3 2      1      2  4"
" 3 5    5    5  1 3    4 1   3 4  25"
"   6      141      2 1   42 5 5 1 6 "
"  1  3 6 51   42      3  1    2 5   "
"   3  4   1 26   15   2   5    2  45"
" 16 5 5    1        23  2  46  6    "
"  51      4 2     5    6  3 2 12 3  "
" 6 3    1 265 3 6       43      2  4"
"    3 4  5 1  5  6      51 2  2 3 1 "
"6   2       4   6   63       1 516  "
"  15       4       63 5 2       5 23"
"  416  6  4 2    3  52        4   31"
" 4 1      3 4    3  6   2   1  51  4"
"  5 13  4      3      6 3    1 516  "
"4    1 16 5  2 16         1  4      "
"    45   1  5      6    2   5 13   2"
"    2   21 3 4       46  21   3    1"
"    1   12 61   6  3      4      4 5"
"  165         25   3  1   4   15   4"
"1    42  6      3   4  245 1    1   "
"    5 4    21      6   45      24  1"
"  4     1  2  56  3   1     5   34 1"
"  41 6    2   3  22   1   1    6 5  "
"  5   42 3    2   5    2     1  325 "
" 1 5      6   36  6  2   61 2 4     "
"  5   42 3    2  35  1 2  3 1  5   6"
"2 5    6  5   2  4  46       6 4 23 "
"1   6 4       62      1     5  2 6 1"
"14  2   3     2   5  1     46      3"
" 6    2 4   5  2      1     6   15 4"
" 56   4     2 3 6      2     3  125 "
"1    56   3  4 2         6    5 3 4 "
"62 1    3   5    2  2  4    6  6 4  "
"  42   3 5  6   1   1       2   51 4"
" 1 2    3  5      2  65  52  41     "
"5      43  2  1 6 4          4   13 "
"2 5 4  3           2 5 63 1 5    1  "
" 54  1   4  3  16       5      31  2"
" 2   53 5  6      45      1 5    1 3"
"3      4  36  41          1  262   4"
" 643  1  6  3    1        2  3  125 "
"1 6  4 5   1       6 3    2 6   51  "
"5  1             43 6     523  3   5"
" 2  1 5 1  2       4 6 34  1      3 "
"3       56          4  1 4   6  153 "
"        1546     35  2  4   3   6   "
" 5    1      6 1  3  6      4   4563"
"  4126    3 1   6  2      1   46   3"
" 3    6142  4    6    4    15   5   "
"   1 3 1 6424    6  5   2      5    "
"3   4  4  5  6 1   13  5  1  2      "
"  2  11  3   3   5   4    3  26     "
"  34   1   32   5   5 3        4   2"
"   2    5 4  3      2  6 1 3  4    1"
"4    5  14   3   21   3 5    1  6   "
" 3    5    6   5  1   3   5 1   24  "
"  3   6    1 3 4  4  2   5  3   6 4 "
" 3   16  4   1      23    3  41   5 "
"5  4    2  3  1    5 1 24      3  4 "
"     5    4     6  16  3  26   5  3 "
"5    4 3         6  6 5   3 2  5 3  "
"4  3    1  4 1  25  5    6  1       "
"  6    5   6 2  3  312  5   1   24  "
"4    1 3  2     4 15 6    32        "
"2   1   6  54  5     4 16       2  3"
" 4   52   3 1  6   6         4  23  "
" 5  4 1  2   2   5  64    5 3 2     "
"        5 62 1 3 5     14       2 3 "
"      2  31   46   3     2  3 3    5"
"   3  2   5   1 2  4      6   5   16"
" 4   2  1  6  2 6           3 35 4  "
" 5    4  5 2  6 3  3      1 4      6"
"        43  6      5  162 54       5"
" 2   45   23 4    3  4          1 52"
"1    5 4 1      4   6   5  3 2  2   "
"16 5  4    1     4  62   5  3   4   "
"5  4  4 3  2       1  3 1   5    3  "
" 3   11  5 42      4        2  1   6"
"1    65 43       1   5   3    2 5   "
"  5    6 3       4  1  251 4   3  51"
"      6 53 41    3        42  3   5 "
"   6    15   3      4 1 3 512       "
"4 1 26        6 3  45        11   4 "
"6 32 1             613         35 24"
"46 3 2      5   21 2           4  36"
" 2 61 1      5      352        41 56"
" 1   5        24   4 1  6 13 44     "
"1    3 2 5    4  2  1       5 5 6 21"
"     115 4 3 3    42        3    2 6"
" 1      61 4   6  6 2       4 1 456 "
"    3  3516    5 6 5      6  1  4   "
" 6 4  1 4    5   6    3 5 63 2  2   "
"  3   1    6 2   5    3 5 62 32     "
"46 3 1 3           2  6       35  46"
"  3  2   3     5   51 3 4 5   1 24 5"
"     5 5  6  2  4   65  3 512 2 4   "
"2 61    5    5         63   5 5 12 3"
"5 4 6  6    6 2  5      43  52   3  "
"  1  2  4 1       2  3    2  65   4 "
"    3 5    66  1   3      6  2  2 4 "
"  1 6  6  4 2    1       4    1  5  "
" 6    2   4    5   31     2  11   2 "
"      4   6  263     2  5   3  3   4"
"  42  3     2   3    6    2  1 1   5"
"  1  2 5   45   1    2  1  3    6   "
" 4      26  2     5  3 2  3 1   52  "
" 4  1  6   5  52  6     3   6      1"
"  5 6      1 2 3    4   6    24   1 "
"  25         3   2  14  2    1  5 4 "
"        2  6 13      3 5  6  22   4 "
" 5  1 6    5  41   2     1  3    6  "
" 4   1  15      3 3    2 5      26  "
"6  5    4     6  1 1  462  4    3 2 "
"4  1       6 3        6  6  5 1    4"
" 4  1 6    5 1 5    6   2   4      3"
" 5 2      1 3     1   5   25   1  4 "
"  2 3  1 6  2   5 4    1        3 1 "
"6   4  5   1  42   3 1         4   3"
"4       1  2   4  1  6  5    4  2 1 "
"5  1    1   6    2    5  5 3    2  4"
"  6  1 4          3  42  5   4  2 6 "
"4 1  2    4       2 3    6  5   2  4"
"    6      3 3 2  4       4  55 1 4 "
"2 6 1   32     3    4  16     4   5 "
"5 1  3  4 5  4 3  2        64      5"
"14 2          5    2  6 5  42   4 1 "
"   1  6    4  5 2  2     3   64  3 2"
" 5   6  45 23  26        2   4   1  "
" 3  25  2 34     31            26 5 "
"   3   6   5  4   1   5 2 3  1 1  2 "
"4  6   65       2  4     3   61  34 "
"     46  21   3  1   3   1   22 6 4 "
"5 21          5    6  2 2  43   4  1"
"61  4   5  6       6 3     4  23   5"
"     55 4 3  5 3 63  1    3   2   1 "
"     443  2 2  4   6   56       1  2"
"3    15   2   56   1         41 4 5 "
" 5  2   13  6   3   2     4    2 14 "
"     353  6   6  1 452  4   1       "
"      3   1   352  5 4  64   2    4 "
"  5    4   32 43      2   1    5  16"
"   6   2  1 61   3      5 1 2 2  5  "
" 4  5 1  34   5        3 2 1  3     "
"61  4  5   1 6      5  3      4   2 "
"4  3  5   26   2      6 64   2 5  4 "
" 2   6  45 25      6       4 3  32  "
" 4   3  15 4     14   3        321  "
"6  5 4 4   3        1      3   5 4 6"
" 4   3  15 4 6  4 2  1         164  "
"       6 1  2 3  4    2   5 6  1 45 "
"  1 5  5 4 1  2 3      41  6   6   3"
" 2 1      4 3         35  251  1   4"
"  4 1 61   51   2  5         6   4  "
"61  4   5  1 6      4  3    1 4  2  "
"3 5 1   16  5      1         4  21  "
"1  5  4 3 2   1    6 2 1  26  6     "
"  1   53          3    5 6  2   23 4"
"2  3 54 3 2      4 3 2    14   4  1 "
"     41   6 3   4  5     2      123 "
"   4    4  6 62  3      51  2 2  1  "
"  1   54   2   26  6    1   24  45  "
"  6  454  3  1    3         5    6 1"
"4  6       5 2   15       5  313  2 "
" 4  6   5  41  3        52   1  6 2 "
"   24      5 2 6  5       5  313  2 "
"2 53  43  2    1    4   5  4  3   6 "
"     44 3 2 5  4    6  2       1 6 5"
"       6  4 6  2  5 23      3 34   6"
" 3 6      3 4     1   24  2 15 1    "
"   34      5 6     3 2 6 13 6   4  3"
" 5 6  1        4 2  4    13 6 6    3"
"6   51  56      24 4  6   1   32    "
" 6 2      4 32        3   2 15 1 4  "
" 543  3      1  2   3 5  3   46  23 "
" 5   44 3 2   24  6          25  1  "
"14  5 5 21   2   1        4  63  2  "
"        43    6 3 4       25   5  14"
"  1  2 2 13      53   6 2  4   43   "
" 3    6 21    6  5       2   64  23 "
"  36  6    4      2   1   5 4  1 3 5"
" 42  63            2  4 2  3 4  1 6 "
" 3 4 2  4   3    6  2    532 4     5"
"  24    1       2 4   3  342 5     3"
"4 1 363          4 4 2     6 56   4 "
" 6 2  4  63  1      4   35 46     5 "
" 6142     6 4    5      2      45   "
" 132 4     1      4  6   2 4    6  3"
"3      6   31   6      1   2 4 541 6"
"    5  541 2  5  43      3 2    2   "
"4 5 36  6  4 2    5     1   25    4 "
"  1  6   41 2       3   1   6  5412 "
"6      4      2 5  5  3      343  26"
"25     41 655   1         5  1 2 6  "
"2  3 1        3    4  1   6   31 5 6"
"     15   6   4    6   3  6   21  46"
