"5 6    4    1  4    5 3    2 4    5 "
"  1   36    4  2   1  5    4      65"
"6  3      4   26     25 3 1    4    "
"   42      35  2    3 6 2      31   "
"    54   62   65   1     53 6 4     "
"    52   41   45   65     2   3   4 "
"    45   1 35      3   6  2    153  "
"1  43 3    26 5  1  15  21    5 3   "
"    14   32  5    42    31  4 5     "
"23   6  5         42 3     6 4    53"
"   51     63 23  6       61 2 5     "
"  3 5  2      46   16  5    62   53 "
" 3 4    1  3    2 62      5  1   54 "
"    25  56   2  1   4   3    24  3  "
"23      4  2 4 6  3    5 6 1    3  6"
" 3   41 4   6  2    3 1  5  3    5 2"
"    31 1 5    2 6 5    425      3   "
"       2 54    1    562  5  1 1 3   "
"   2      546  5   5 6 13 2    4   2"
" 4   6   3 445    2  4  3  1 2      "
" 4   6   3 445    2  4  61   5      "
"4   1 15       16   62        6  43 "
"  5   63    3   4   2  5 2 3      21"
"  51   3    2    43   5    56  6   2"
"   1      234 23    5  2 2  6 1 6   "
"       2 64   2 5 4  32 1 5    4 5  "
"2 4    1  42    5 5 13    2 16      "
"   2      14  1 5  6   3 3    5 2   "
"   24     315  1   1   41 2   46    "
"2 6   34    5   3   32     3 1    42"
"    45   23       65   343  6   2   "
"    3   16 26  1 5       32   5 6   "
"6   2  3 6   2 4    4 3      5 15   "
" 4   23 2   5        65   3 1  1   4"
" 5   6  4  12  5      1 53      6 3 "
"4   5  2    3    1 6 5    12      15"
" 5 6      25  4 1 6    3  2   46    "
"      3  41  4 53    2   62   4   2 "
" 12   5     4 61  1    4    53  52  "
"3      25   2   6  5 4    1  5   13 "
"1   3  2     4 3  6    5    53  52  "
"    5    3 6 2  1 5  6    6  424    "
"   4 2    6  3 6    5  44  3   13   "
"1   6  65    124   3   1  15       4"
"2  65       63   4   3    612 12    "
"  4   61    3    6 2  5    3 4    2 "
"   2 4    1   1 5 3  4  2 6    3    "
" 53   2       54  6   2    21      5"
" 53   6       61   4  2     4    3 1"
"3 4    1 4   2 3 6     2  5 3    6  "
"   5 6 6  3  53 4   1    1    5    2"
"   1 6  6 4  51 3  3    1    2  5   "
" 1   23  6    2  5 6      1 4     2 "
" 3     5   63       43 21   6    4  "
"1      6  5   16   2 4  3    1    6 "
"3       2  6   4   412   5  3      4"
" 5  6      2  31  1  2  6       2  4"
"5    2  1   65 4     6       6 3  1 "
"6    4 2      2 5   16       6 3  2 "
"4  5    1    3   26  4      4   6  3"
"  6   4   3 6    2 5 4    42  2    1"
"3  2    4  5  5    1 6  5   1  3  2 "
"   6  2    4 6 14         4 6  3  5 "
"  5 2  3 1   6   1   2  4   5   3 1 "
"  6  33  4         2   5  35  4   1 "
"  3  12  3   25 4      54  6   3    "
" 4   63  2   3  52  5       6 1  4  "
"  43  5    2  21   4    4   6   3   "
"6  5   1   2  6    5   3 2  4   42  "
"  4  26  1   6   54   1 1   3   6   "
"  4 2    5    2    5   63   1 2  3  "
" 5   34   1   6  1 3 6  3   2   5   "
"5   4   23   1     2   3     6  32  "
"  45   1   3    6 1   35 5    6    2"
"  5 3 4    1  32   2  1 3    6 5    "
"  62   3   4     55   2   21   6    "
"6    1 3    2   43    2   53       2"
" 5    1    2  6 3  136  4    3    1 "
"3       4  6 2 4  4  26     5   1  3"
"  1   6  2   3   5 54 3      4 6 5  "
"        1  4 2 6  1   5   5 3 6  5  "
" 2  5   54   13        1  46  2    4"
"4   2   21       5  3 1   16   4    "
"1   2    5  2       6  4 2  5   53  "
" 2 1       5 546    1  4 4  6 5    3"
"  3  16  2   6      1 3    4    6  5"
" 5      6  34  6      4  1  2   5  6"
"4   5  2    1   26     1  4 6  3 2  "
" 5  2 3  1    4  62    1  34 2      "
" 5 3  4   2   35       1      12  5 "
"       5  422   5 56 1  41  6       "
"1   2      4  12   3 6        2 5 1 "
" 1 52        6  4 5  16        246  "
" 6 2    2 4 5   13  3    3  65      "
"  5 6      1 3 2  5  6        6 4 5 "
"  35      2  6   4  4  51 53        "
"2   4   4  1 2 5    34  64  2       "
"     16   4  5   64  2        3 4 6 "
"  1  6  4 2 1   6  2 5        3 2  4"
"      4 32       4 5  2 1  3    2 5 "
" 5   42    3    3 1  2         3  62"
"  3  6  1 2 1      2  5       4 2  1"
"  2  6 3   1    1 14 3          1 53"
"    5  5  42  6   2    5 1  23      "
"      16  5 4  5    63  64  2  2    "
"51   3 3    1  4    5 6 2    4    5 "
"     34   2 1      3 6    1   3 5 1 "
"4 1 2   2   1      4 3  6   5    6 4"
" 6    53   66  5    52  15   4      "
"       2 3 56   5 2  1       4 4 5 1"
"   6 11   3   6  54     64  2  2    "
"4  13   1  4    5   6   1 53    4   "
" 1  5 6     3   2   46   3  62     1"
"    3   162 1  2  25            641 "
"   3  1   5 6  4    3  2 6    35  4 "
"      16  5242 1  5  2       6 4 5 1"
"  4   2 3  6    3   12  4   23   4  "
"   1  6 1 2      43  2  2 3 1   5   "
"    5  1 34   2     35   5 63       "
"3 15    6       4 6    35 31        "
"1      2   6 6 5    56 3     1 3 2 5"
"   1   5  3  6 3    16 241   36     "
"46  1  2      43  2     5   6    5 4"
"3 6 1   5    3 4  5        3 22   6 "
"2     6 4  1    6  6 5    1 3 3    4"
"  234     1 4     6    1 5      4 2 "
" 5   2  6   1  35 5      2  45     3"
" 2 36     5    6    1  3 6 4    3   "
" 1  53    2 6  3    1  2 5   4  3   "
"       23 4  14    6      142    51 "
"  6   53   6   5   542  6    5    1 "
" 1  53   12  61  5  3    2536       "
"  1   2     1  4   6   5    53  314 "
" 16  2 4      1   6   3   5 24   56 "
" 3 25     13  25  4    1  6    2    "
"  24   5      5  16         3   15 2"
"3 46   1      23       4    5 6  4  "
" 5    2 6 4   26      1   142      5"
" 6 5 4    3      3 1 4  2      56  2"
"    56  61    52  3   4 2 3 1  5    "
"2 15   6    3    5 2   46 21        "
" 4 23      642  1     2  1 3    6   "
"26   1       5 4      3 54   6  1   "
"63      43  3    4     5 2  13   4  "
"  1   34  6    2   6 43 5   4      3"
"   6   1  53 5    4   3  3   2  6   "
"6 4  3 5        4 4 52   61  4    1 "
"  4   3  1    5 4      3    6  4 3 2"
"61   4  5    4      13      5 1    2"
"     6   31   35   4    43   2  1   "
"  4 61   2  3  6      5 6       5 2 "
"    16  63  3  4 2       1    6 2  3"
"16   5  4   3       1 2 4    3    1 "
"    6   5  24    6   3   14   2 6  4"
"  6    3   24  5  6         31  14 5"
"     6  534    15       4 1 3  63   "
"    23 3 4 6      65    34   5  1   "
"     55 412          34 2 3 1  51   "
"3   1   6        3  56     46  6  32"
"5  3    6  56   2  4        31  15 2"
"2 1    53    1   5    4    25   5 16"
"    43  451 5  1   6   521      5   "
"   1  5   2   2    3 6  14   3     1"
"  3     231 4   6  2   1     4 5 1  "
"  1     23 1 1    6    5 4 2      6 "
"5 1 3     1   2  4 5 1  3  6   4    "
"      5   63 2 6       4 6  5 35  4 "
"  13   6 5       3 4  5   52 12     "
"  2    1   3  65      3  5  144   5 "
"  6  24      6  5   1  6 3  6   532 "
" 6 2    5   6    4 1 6  3    6 4  32"
"  32  4   5      5 2 3  6 15       6"
" 2  3   62  6      1  4 1 53    3  5"
"2 53    1  5   6   26    1   33   4 "
"52  4  3 2      6  65   45   1  34  "
" 263  13  2   3  5   2  3   4  6    "
" 5   66  4   4  5 1       2    1  32"
" 4  3   3  5  2    3 2      6 6 1  4"
" 3      231     4 4    6  5 6  6   2"
"     16  3   1   43       5 1 1 32  "
"  3    6   41   2    1  6 5 3  3   5"
"    1  5 4    63  5    12 5  3 3  2 "
"  24   5  23 2    1    5    3   65  "
" 3 25 2    1    1   45   2  6 1     "
"  5 3  1 5 4      23   56 3    4 6  "
"4      2 54   2  5 1  2   62       3"
"    3 53   6 2   1  42  1    4   6  "
"    4 2 43         12  56  1   2   3"
" 1 5 3          3  632  5    66 4 5 "
" 3 25 5   1         4  1 5  3 6     "
"4 5  6 6  4 12 6  5    1         3 2"
"  2  441  5 2      4  6    3    1  5"
" 32   6    3  4 1     45     6 2  34"
"     2   34  1  6   41  5     42   1"
" 65   3       41  5  42     3  5 64 "
"1 6  54         2 3 25   1 4      51"
"    4   2 133    62 6  1      1 436 "
" 1    4 31   6   41    2   4   4  51"
" 423  3       15    3  22    6    5 "
"   2    2 315     1    66 3 1       "
"  6  5 1  2 4       1 5      3 3 26 "
"     1 6  4    4  4 52    6   34  6 "
" 5 63     45 153    6          43 16"
"     1   6  3   2  5 1   15  443    "
" 4  51   3      2  52    14   3  1  "
" 21  34       6      6 12   5    3 2"
"    4   6  3 2   4   5   34  21     "
" 1  36   2  6   2  5   31   4  24   "
"     21   4  3 5  2  4    2   34  6 "
" 21  34      631       6  2  1    4 "
"2      6 3    5 626   5      1 4 23 "
" 53  21       6   3  4    1  6   3  "
"  1    4  153  42   4        2 6 54 "
"  2  313           45 2  2  34   1  "
"   6   1  34     52  4   5  46      "
"2 365       6     4 5     4 26   34 "
"54  2   1         62   5    53 5 64 "
"  164     15 34  6       13 6 2     "
" 14 2     4  2 6  3       5  3   4  "
"  3   46     154       5 3 6   4  32"
"  24   1  6   6   2  5       332   4"
" 3 45  5         26   4   21  3    4"
"  1     2 13   3   4  6 5    1 1 4  "
" 5 63  3   4   31   1   4      1  6 "
"     5  2 4      3 34    23 1 5   3 "
" 41  32    1 53      3    4  5   2  "
" 1    2    5  13    3 4      6 62 1 "
" 3   4  23      6 1       52   2  45"
"  3  5 4        5   13  2    3 3 26 "
" 15  34   5   1  6 4     2  1    2  "
" 51 3 4    5 125           32      4"
" 64  35   6        236     2 4    5 "
"    4  243        1 2  52    3 6 1  "
"5 1    2       1    3 2  6   1  2 46"
" 4 5    1   6  4      6   5 32 2   4"
"     1   53  1 2  6     46   5 53 4 "
"  4  51  3  6 3          2 1 3  1 52"
"14 5    2 1  1 3  2        26 6    5"
"  5   62    3   6 1    5 4 23      4"
"  6   32   6    4  412  2   3    5  "
"1 34   4    6    1 5   2   3 6    5 "
"  3    5  1    2  6    3     2 2 43 "
"    6  4   21       25  32  1   1   "
" 2    5 1  2  2    5 6  3   5      4"
"16      2   3  1  4    2     5 5 36 "
"     2 3 64    2  5    4  4 1  1    "
"     6  213       5 3  1 6  5 2 5   "
" 4   3 3 64   5   3    261  3    1  "
" 2 1       52       6 3 14 2    2  1"
"6    54  3   6   1  4     3 2 2  5  "
" 5 3  3    1 3  4   61  2      1 5  "
"6  4   1   5 5  2   2  4  1   5  3  "
"  3 4 5  1   3 4 6 6        5   2  4"
" 2   41      6 4  43 2  6  3    3  1"
"   6    5  3 42 3      45  3    3 1 "
"  15  3         3  362   4  5 5    6"
"  2  14   2  346          31  5    4"
"5   42 2      35      1  6   1  14  "
"      26 3       2  1 3  3  1 41 6  "
" 6   21  4 6 3  6      1  5 2   6   "
"4 63   5   4  3 1    4   3   26     "
" 2  1 3 12    5        6     24  3  "
"61 4 5           3 36  1 4  5 5  3  "
"      6 53 42    1 5   63   4   41  "
"      3 41    6    3  5 6     2 364 "
"6      526       5 1 4 61     5 41 2"
"      3 62    452   5 6  4    56 43 "
"4       12       36     1   4 5 41 2"
"  4 5  6    3  6    2 4   6  1 2   4"
" 3 5  2   3    4    6  15   4   2 1 "
" 3  4   5  2   1  5  2 4 4    1    6"
" 4   2  1 3 5  2 3   5  4    6  3   "
" 4 6  1    3     2  2 6  6 5  4     "
"  1   4  6       3 5  2  1   2  63  "
"     31  5    5     24  5    4 3  6 "
" 6 2       1  4    123   4   31   5 "
"6   4  3 1    6  5 5       4  2   6 "
"   3  4 3 2 5      1   51   6  2 1  "
"3   4 4  5     2    5  6  3 6 5  32 "
" 2   4  5 23    3  5 4    2  1  1 5 "
"6 5  3         4  1   3   35  5 1  6"
" 5   3  15 4    3 2  1   46   1    6"
" 6 5  4 5   1   4    2   3 4 2  4  6"
"  3 4 2        5   5   61 5 3   41  "
"  6 4 5    6 5      3 1  2 3  3   62"
"4 5 6   14   1    5   3   251  5  42"
"  16       1  5    2  4  3    6   32"
"4 1  2    1   3    5 3    2  1    6 "
"1 4 5 2  1   2   3         6  5   1 "
"  3 2  5       1    4 5  3 6  6   32"
" 5 16   1 53   6  4   2 5 3    2    "
"3   6   2        4 5 6   2 1    6 42"
"5  3 2 2  45 1      2  3       362  "
" 6 3       25     4   3   2 15 5    "
" 5      1 54     23  1  2  4   6  2 "
"   56      221     6    5    313  2 "
"    4  1   5 4      32  4   5  35  6"
"3    2   6  6    5 1  6  4      254 "
"2       6  5 1 3  5  1  32  6   5  3"
"  4 21 2 5  6    2    5 35      1 3 "
"4  25  2   4  6       63  25   1    "
"    6  6 1 2  5   2  3  45   1  24  "
" 1  2 4   61     6 5 2  1 2 455     "
"5   4      6  3    4   23 4 61 6    "
"41  56  5         1  4 2 2 6 1    2 "
