31-bit unsigned integers r, where 0 <= r < 2^31
462834422
1454247436
418116117
1274939919
1476390028
416298030
1210220804
994325738
2146622225
1427846878
66106423
1201334607
544486189
2059382434
63243536
492691934
23441255
631391911
2054662885
580284062
31-bit double r, where 0 <= r < 1.0
0.7743016421
0.9976208229
0.4203009461
0.9747601845
0.0535872090
0.9171170346
0.0579174738
0.7270474918
0.4098627181
0.3063607514
0.9158437061
0.6968057374
0.1799789574
0.1698087086
0.5077677378
0.8552403534
0.5138685200
0.3143755174
0.8873796542
0.5045347083
int r, where 0 <= r < 100
56
89
79
20
29
85
96
38
94
16
85
19
9
32
72
66
15
5
99
25
seed [1, 2, 3, 4, 5, 6]
31-bit unsigned integers r, where 0 <= r < 2^31
55715075
1521225995
1192306023
1635930884
416741458
58196427
1142176339
79903257
1950570014
1987971873
1500352224
475465725
1174039842
130758770
835026958
313747424
1429974194
747636511
906572754
1083867357
